structure(c(0.000233556067876276, -0.000117489641357651, 8.49900156281218e-06, 
6.93455841920821e-06, 0, 8.49900156281218e-06, 0.000298375827558499, 
-0.000361508750302296, 0, 4.90339214935914e-06, 1.20323207352433e-05, 
6.93692337292084e-06, 6.93809942167369e-06, 0, 8.49900156281218e-06, 
8.4990015628132e-06, 4.90339706897772e-06, 9.81731602649504e-06, 
1.09800263654299e-05, 5.80559200454591e-05, -0.000183468134728, 
-7.896441880366e-05, 2.33310858965905e-05, -5.79830661671346e-06, 
-4.73260402945706e-06, 0, -5.79830661671346e-06, 9.03784441927672e-05, 
-5.86230049114052e-05, 0, -3.34526016136915e-06, -8.20886260368467e-06, 
-4.73260402945706e-06, -4.73260402945706e-06, 0, -5.79830661671346e-06, 
-5.79830661671346e-06, -3.34526016136915e-06, -6.69770535779388e-06, 
-7.49094572849719e-06, -3.7075643692902e-05, 0.000125168173201113, 
0.00010767296528507, -3.34629209176128e-06, 1.13597290671901e-05, 
9.27186206057966e-06, 0, 1.13597290671901e-05, -3.48933416851941e-05, 
-6.0625151441612e-05, 0, 6.55385295723137e-06, 1.60823603316923e-05, 
9.27186205873538e-06, 9.27186206057966e-06, 0, 1.13597290670371e-05, 
1.13597290671901e-05, 6.55385295723137e-06, 1.31217825523412e-05, 
1.46758562029152e-05, 7.26365981116159e-05, -0.000245222723028736, 
-0.00072784702095933, 0.00186089899435528, 0.00146022615013002, 
-0.00194842282771774, 0.000727948570822886, -0.0018608823179702, 
-0.00146021305485771, 0.00194840536753673, -0.000117489641318272, 
0.000199756581198099, 8.19750037280654e-06, 6.69088615078293e-06, 
0, 8.19750037280654e-06, -0.000138289119546662, 9.30625003755431e-05, 
0, 4.72944482996215e-06, 1.16054847069046e-05, 6.69083673813868e-06, 
6.69085791200227e-06, 0, 8.19750037280654e-06, 8.19750037280675e-06, 
4.72944488506806e-06, 9.46904776746285e-06, 1.05905110870631e-05, 
5.24458052619142e-05, -0.000176959621527301, 2.33310856017171e-05, 
-9.04189727024248e-05, -5.23538445732675e-06, -4.27314440526519e-06, 
0, -5.23538445732675e-06, 8.16042705069344e-05, -5.29316560554204e-05, 
0, -3.02048924403239e-06, -7.41191431607893e-06, -4.27314440526519e-06, 
-4.27314440526519e-06, 0, -5.23538445732675e-06, -5.23538445732675e-06, 
-3.02048924403239e-06, -6.04746621297495e-06, -6.76369552869591e-06, 
-3.347619648334e-05, 0.000113016359660002, -3.34629186667943e-06, 
1.5389977829585e-07, -5.19694083029661e-07, -4.24176624980799e-07, 
0, -5.19694083029661e-07, 3.95089833668943e-06, -1.37964524202174e-07, 
0, -2.99830956811628e-07, -7.35748861798064e-07, -4.24176626873151e-07, 
-4.24176624980799e-07, 0, -5.19694082983309e-07, -5.19694083029661e-07, 
-2.99830956811628e-07, -6.00305899299345e-07, -6.71402960539068e-07, 
-3.32303758238528e-06, 1.12186463488437e-05, 5.95769078923803e-05, 
-0.000540352410593422, 0.000733670723567987, -0.000645028285201568, 
-5.9660120436664e-05, 0.000540347564034279, -0.000733664147414226, 
0.000645022516276035, 8.49900152636993e-06, 8.1975003466227e-06, 
1.65734201587713e-06, 1.35256221809071e-06, 0, 1.65734201587713e-06, 
9.86358080306938e-06, -1.7815197679656e-05, 0, 9.56182639513439e-07, 
2.34635399133732e-06, 1.35272997718121e-06, 1.35265808800858e-06, 
0, 1.65734201587713e-06, 1.65734201587807e-06, 9.56182451549778e-07, 
1.91441902276132e-06, 2.14115250527012e-06, 1.04957902743842e-05, 
-3.5777078880752e-05, -5.79830805604991e-06, -5.23538435963617e-06, 
-1.49550964005725e-06, -1.22064145540092e-06, 0, -1.49550964005725e-06, 
2.33105692231418e-05, -1.51201476523916e-05, 0, -8.62815194791974e-07, 
-2.117243377297e-06, -1.22064145540092e-06, -1.22064145540092e-06, 
0, -1.49550964005725e-06, -1.49550964005725e-06, -8.62815194791974e-07, 
-1.72748370379629e-06, -1.93207757116754e-06, -9.56261347107025e-06, 
3.22835829904057e-05, 1.13597274937816e-05, -5.19694062896897e-07, 
1.76459254583065e-06, 1.44026841221622e-06, 0, 1.76459254583065e-06, 
-1.34164803940048e-05, 4.70205194092086e-07, 0, 1.01805956749278e-06, 
2.49819435908783e-06, 1.44026841221622e-06, 1.44026841221622e-06, 
0, 1.76459254634812e-06, 1.76459254583065e-06, 1.01805956749278e-06, 
2.03830569611178e-06, 2.27971169865662e-06, 1.12831917520435e-05, 
-3.80923049100208e-05, 2.3251259977267e-09, 9.77976511693479e-05, 
0.000184542303186019, -0.000265502023473486, -2.5056709744503e-09, 
-9.77967911211833e-05, -0.000184540650945629, 0.000265499710340428, 
6.93455970264035e-06, 6.69088662737801e-06, 1.35256216317834e-06, 
1.19967654128665e-06, 0, 1.35256216317834e-06, 8.04568923484368e-06, 
-1.45425372276898e-05, 0, 7.80343740107321e-07, 1.91486728164412e-06, 
1.10396741974918e-06, 1.1039087389561e-06, 0, 1.35256216317834e-06, 
1.35256216317847e-06, 7.80343576296467e-07, 1.56236361490953e-06, 
1.74740154028957e-06, 8.56563985124122e-06, -2.91977904909487e-05, 
-4.73260108247766e-06, -4.27314497469452e-06, -1.22064055497098e-06, 
-9.96290650083032e-07, 0, -1.22064055497098e-06, 1.90262148112272e-05, 
-1.23411284818794e-05, 0, -7.04234258840322e-07, -1.72810281807182e-06, 
-9.96290650083032e-07, -9.96290650083032e-07, 0, -1.22064055497098e-06, 
-1.22064055497098e-06, -7.04234258840322e-07, -1.40998114034962e-06, 
-1.5769712398656e-06, -7.80504165415461e-06, 2.63500000147138e-05, 
9.27186135329608e-06, -4.24176677700056e-07, 1.44026885625833e-06, 
1.17555404403278e-06, 0, 1.44026885625833e-06, -1.09505902300132e-05, 
3.83783235675736e-07, 0, 8.30944446576889e-07, 2.03903607449761e-06, 
1.17555404402556e-06, 1.17555404403278e-06, 0, 1.44026885456217e-06, 
1.44026885625833e-06, 8.30944446576889e-07, 1.66367479029171e-06, 
1.86071127704474e-06, 9.20939165729327e-06, -3.10910918562207e-05, 
-7.48459590279442e-09, 7.98207197318523e-05, 0.000150622147749791, 
-0.000216701817846707, 7.34245728215215e-09, -7.98199535135748e-05, 
-0.000150620875086642, 0.00021669983865747, 0, 0, 0, 0, 0, 0, 
0, 0, 0, 0, 0, 0, 0, 0, 0, 0, 0, 0, 0, 0, 0, 0, 0, 0, 0, 0, 0, 
0, 0, 0, 0, 0, 0, 0, 0, 0, 0, 0, 0, 0, 0, 0, 0, 0, 0, 0, 0, 0, 
0, 0, 0, 0, 0, 0, 0, 0, 0, 0, 0, 0, 0, 0, 0, 0, 0, 0, 0, 0, 0, 
0, 0, 8.49900155941411e-06, 8.19750035552865e-06, 1.65734200458019e-06, 
1.35256223816021e-06, 0, 1.65734200458019e-06, 9.86358070714401e-06, 
-1.78151978778631e-05, 0, 9.56182618968913e-07, 2.34635396527426e-06, 
1.35272999196238e-06, 1.35265809762219e-06, 0, 1.65734200458019e-06, 
1.65734200458022e-06, 9.56182443851997e-07, 1.91441892955803e-06, 
2.14115250709498e-06, 1.04957901210071e-05, -3.57770783746264e-05, 
-5.7983073788935e-06, -5.2353843394877e-06, -1.49550908395541e-06, 
-1.22064146448733e-06, 0, -1.49550908395541e-06, 2.33105691978871e-05, 
-1.51201399623272e-05, 0, -8.62815235812454e-07, -2.11724371311269e-06, 
-1.22064146448733e-06, -1.22064146448733e-06, 0, -1.49550908395541e-06, 
-1.49550908395541e-06, -8.62815235812454e-07, -1.72748363483277e-06, 
-1.9320776799048e-06, -9.56261238051613e-06, 3.22835878939871e-05, 
1.13597291075431e-05, -5.19694034311001e-07, 1.76459271946437e-06, 
1.44026841094253e-06, 0, 1.76459271946437e-06, -1.34164801329637e-05, 
4.70205827719592e-07, 0, 1.01805959872053e-06, 2.49819479945124e-06, 
1.44026841090172e-06, 1.44026841094253e-06, 0, 1.76459272003589e-06, 
1.76459271946437e-06, 1.01805959872053e-06, 2.03830564973981e-06, 
2.27971179144445e-06, 1.1283191216971e-05, -3.80923007826258e-05, 
2.32213218677685e-09, 9.77976517837734e-05, 0.000184542317967546, 
-0.000265502053688314, -2.50976370796438e-09, -9.77967975652968e-05, 
-0.000184540667123644, 0.000265499611765582, 0.000298375825561734, 
-0.000138289119436389, 9.86358076047831e-06, 8.04568704615479e-06, 
0, 9.86358076047831e-06, 0.000912701146619926, -0.00093310716066006, 
0, 5.69066892427976e-06, 1.39640261564962e-05, 8.05069884923503e-06, 
8.05181943030861e-06, 0, 9.86358076047831e-06, 9.86358076051251e-06, 
5.69067182164213e-06, 1.13935602745909e-05, 1.27429525388795e-05, 
6.46538245425655e-05, -0.000212925335470217, 9.0378449231168e-05, 
8.16042723799363e-05, 2.33105708435162e-05, 1.90261923597973e-05, 
0, 2.33105708435162e-05, -0.000363343967212292, 0.000235678439986866, 
0, 1.34487422156665e-05, 3.30015797000589e-05, 1.90261923597973e-05, 
1.90261923597973e-05, 0, 2.33105708435162e-05, 2.33105708435162e-05, 
1.34487422156665e-05, 2.69263660197114e-05, 3.01153882367103e-05, 
0.000149052895196773, -0.000503205855869502, -3.48933447723246e-05, 
3.95089828284666e-06, -1.34164786404217e-05, -1.09505910561367e-05, 
0, -1.34164786404217e-05, 0.000630015402426427, -0.000654591940789522, 
0, -7.74046867018837e-06, -1.8994172872692e-05, -1.09505910457639e-05, 
-1.09505910561367e-05, 0, -1.34164786480709e-05, -1.34164786404217e-05, 
-7.74046867018837e-06, -1.54975642917996e-05, -1.73330120618265e-05, 
-8.57879092038666e-05, 0.000289621808177794, -0.00153620891228148, 
0.00471540615608427, 0.00300881510107922, -0.00210138829506353, 
0.00153658236688049, -0.00471536402031441, -0.00300878834314205, 
0.002101369616413, -0.000361508750864782, 9.30625002725687e-05, 
-1.78151979424077e-05, -1.45425412618412e-05, 0, -1.78151979424077e-05, 
-0.000933107154307513, 0.00141218911203902, 0, -1.02782543878573e-05, 
-2.52213411476975e-05, -1.45408450709207e-05, -1.45415719242838e-05, 
0, -1.78151979424077e-05, -1.78151979425071e-05, -1.02782564562922e-05, 
-2.05785854280581e-05, -2.30158023446526e-05, -0.000114941683573752, 
0.000384577074940676, -5.86229688863954e-05, -5.29316596049956e-05, 
-1.51201447918641e-05, -1.23411306524622e-05, 0, -1.51201447918641e-05, 
0.000235678509493331, -0.000152870167860847, 0, -8.72337446928058e-06, 
-2.14061099698917e-05, -1.23411306524622e-05, -1.23411306524622e-05, 
0, -1.51201447918641e-05, -1.51201447918641e-05, -8.72337446928058e-06, 
-1.74654928455773e-05, -1.95340094691771e-05, -9.6681512539399e-05, 
0.000326398847508177, -6.0625152252447e-05, -1.37963618215702e-07, 
4.7020365278916e-07, 3.83782700722888e-07, 0, 4.7020365278916e-07, 
-0.000654591933966621, 0.000804809047089936, 0, 2.7127853038498e-07, 
6.65687026964047e-07, 3.83782827306378e-07, 3.83782700722888e-07, 
0, 4.70203661343084e-07, 4.7020365278916e-07, 2.7127853038498e-07, 
5.43140314293008e-07, 6.07465038508173e-07, 3.00660132753422e-06, 
-1.01502879368991e-05, 0.00218100879784586, -0.00601762330852418, 
-0.00470347814903139, 0.00432207047634571, -0.00218141921966444, 
0.00601756921576736, 0.00470343608215721, -0.00432203285471324, 
0, 0, 0, 0, 0, 0, 0, 0, 0, 0, 0, 0, 0, 0, 0, 0, 0, 0, 0, 0, 0, 
0, 0, 0, 0, 0, 0, 0, 0, 0, 0, 0, 0, 0, 0, 0, 0, 0, 0, 0, 0, 0, 
0, 0, 0, 0, 0, 0, 0, 0, 0, 0, 0, 0, 0, 0, 0, 0, 0, 0, 0, 0, 0, 
0, 0, 0, 0, 0, 0, 0, 0, 4.90339274524894e-06, 4.72944510427753e-06, 
9.56182557433596e-07, 7.80343765109721e-07, 0, 9.56182557433596e-07, 
5.69066856147549e-06, -1.02782539292259e-05, 0, 5.51657518173423e-07, 
1.35369948303001e-06, 7.80440525098544e-07, 7.80399052706308e-07, 
0, 9.56182557433596e-07, 9.56182558024551e-07, 5.5165736908265e-07, 
1.1045000559286e-06, 1.23531102182824e-06, 6.05541436070503e-06, 
-2.06411366516165e-05, -3.34524776644299e-06, -3.0204887787866e-06, 
-8.62813532043664e-07, -7.04232962589669e-07, 0, -8.62813532043664e-07, 
1.34487405974739e-05, -8.72339089630312e-06, 0, -4.97789835339884e-07, 
-1.22151887180445e-06, -7.04232962589669e-07, -7.04232962589669e-07, 
0, -8.62813532043664e-07, -8.62813532043664e-07, -4.97789835339884e-07, 
-9.9665075616126e-07, -1.11468548876108e-06, -5.517026861336e-06, 
1.86255961876549e-05, 6.55385242948103e-06, -2.9983091924065e-07, 
1.0180595256385e-06, 8.30944853340232e-07, 0, 1.0180595256385e-06, 
-7.74046774154548e-06, 2.71281951661312e-07, 0, 5.87356484668309e-07, 
1.44130190419454e-06, 8.30944818620821e-07, 8.30944853340232e-07, 
0, 1.01805952270754e-06, 1.0180595256385e-06, 5.87356484668309e-07, 
1.17597413226035e-06, 1.31525045770093e-06, 6.50969899142845e-06, 
-2.19768831025187e-05, 1.35357952794054e-09, 5.64230849913915e-05, 
0.000106469310001222, -0.000153178050193027, -1.44315680494617e-09, 
-5.64226195158193e-05, -0.000106468462377555, 0.000153176724882657, 
1.20323206641556e-05, 1.16054848215117e-05, 2.34635401926528e-06, 
1.91486720351424e-06, 0, 2.34635401926528e-06, 1.39640261915984e-05, 
-2.52213412972668e-05, 0, 1.35369947609935e-06, 3.32255436866039e-06, 
1.91510470023883e-06, 1.91500291787418e-06, 0, 2.34635401926528e-06, 
2.34635401926674e-06, 1.35369921351527e-06, 2.71030641035798e-06, 
3.03130051914881e-06, 1.48592377062057e-05, -5.06507957344951e-05, 
-8.20885755773654e-06, -7.41191486064519e-06, -2.11724372106902e-06, 
-1.72810361761618e-06, 0, -2.11724372106902e-06, 3.30015727901246e-05, 
-2.14061019861467e-05, 0, -1.2215171982539e-06, -2.99745498775326e-06, 
-1.72810361761618e-06, -1.72810361761618e-06, 0, -2.11724372106902e-06, 
-2.11724372106902e-06, -1.2215171982539e-06, -2.44565779522164e-06, 
-2.73530840596561e-06, -1.35381210442304e-05, 4.57049853009066e-05, 
1.60823644597229e-05, -7.35748759544148e-07, 2.49819467505571e-06, 
2.03903767274429e-06, 0, 2.49819467505571e-06, -1.89941754864597e-05, 
6.65686658272356e-07, 0, 1.44130199984476e-06, 3.53678026879936e-06, 
2.03903766190658e-06, 2.03903767274429e-06, 0, 2.49819467539265e-06, 
2.49819467505571e-06, 1.44130199984476e-06, 2.8856994625371e-06, 
3.22746625097325e-06, 1.59740034095531e-05, -5.3928581071341e-05, 
3.30018058321556e-09, 0.000138455671977716, 0.000261263068569056, 
-0.000375880159698293, -3.55219389790198e-09, -0.00013845442870241, 
-0.000261260720738001, 0.000375876794406211, 6.93692351525e-06, 
6.69083664938313e-06, 1.35272993291994e-06, 1.103967394326e-06, 
0, 1.35272993291994e-06, 8.05069859875542e-06, -1.45408446705288e-05, 
0, 7.80440596747037e-07, 1.91510469919566e-06, 1.10410432085448e-06, 
1.10404564444388e-06, 0, 1.35272993291994e-06, 1.35272993291237e-06, 
7.80440444121618e-07, 1.5625573966774e-06, 1.74761829698899e-06, 
8.56671107981942e-06, -2.920141362834e-05, -4.73260570558529e-06, 
-4.27314412985632e-06, -1.22064154414482e-06, -9.96292265314211e-07, 
0, -1.22064154414482e-06, 1.90261964350471e-05, -1.23411240307332e-05, 
0, -7.04233644039964e-07, -1.7281043933047e-06, -9.96292265314211e-07, 
-9.96292265314211e-07, 0, -1.22064154414482e-06, -1.22064154414482e-06, 
-7.04233644039964e-07, -1.40997968124312e-06, -1.57696996796862e-06, 
-7.80504763608106e-06, 2.63500039158111e-05, 9.27186302337635e-06, 
-4.24176603205431e-07, 1.4402683154566e-06, 1.17555358400767e-06, 
0, 1.4402683154566e-06, -1.09505924054857e-05, 3.83784189952681e-07, 
0, 8.30944701011195e-07, 2.0390378206702e-06, 1.17555358185347e-06, 
1.17555358400767e-06, 0, 1.44026831636713e-06, 1.4402683154566e-06, 
8.30944701011195e-07, 1.66367477525982e-06, 1.86071091557742e-06, 
9.20939259778592e-06, -3.10911060243265e-05, 1.89622622368194e-09, 
7.9822881189811e-05, 0.000150624245441806, -0.000216703986186561, 
-2.03986608455685e-09, -7.98221852187675e-05, -0.000150622944113492, 
0.000216702007108156, 6.93809988814982e-06, 6.69085823342883e-06, 
1.35265777090082e-06, 1.1039083421139e-06, 0, 1.35265777090082e-06, 
8.05182130184688e-06, -1.45415787517892e-05, 0, 7.80399216404486e-07, 
1.91500319596293e-06, 1.10404529408705e-06, 1.14506011940981e-06, 
0, 1.35265777090082e-06, 1.3526577708783e-06, 7.80399319564866e-07, 
1.56247480566264e-06, 1.74752544128111e-06, 8.56625737257984e-06, 
-2.91998427447484e-05, -4.73261298779792e-06, -4.2731287275167e-06, 
-1.22064530131542e-06, -9.96292114105389e-07, 0, -1.22064530131542e-06, 
1.9026177925686e-05, -1.23411610115776e-05, 0, -7.04233835581018e-07, 
-1.72811030695473e-06, -9.96292114105389e-07, -9.96292114105389e-07, 
0, -1.22064530131542e-06, -1.22064530131542e-06, -7.04233835581018e-07, 
-1.40998693021953e-06, -1.57696509564707e-06, -7.80503114241275e-06, 
2.63500159338876e-05, 9.27190385508403e-06, -4.24176676629593e-07, 
1.44026668624502e-06, 1.1755540736598e-06, 0, 1.44026668624502e-06, 
-1.09505624858662e-05, 3.83787254625952e-07, 0, 8.30945481611333e-07, 
2.03902936691231e-06, 1.1755540736598e-06, 1.1755540736598e-06, 
0, 1.44026668016134e-06, 1.44026668624502e-06, 8.30945481611333e-07, 
1.6636770076243e-06, 1.86070980255443e-06, 9.20939409669067e-06, 
-3.10911093037874e-05, 3.27400590614709e-09, 7.98268305529507e-05, 
0.000150619750151268, -0.000216700045260943, -3.29635836984082e-09, 
-7.98260759017314e-05, -0.000150619324468863, 0.000216697922217822, 
0, 0, 0, 0, 0, 0, 0, 0, 0, 0, 0, 0, 0, 0, 0, 0, 0, 0, 0, 0, 0, 
0, 0, 0, 0, 0, 0, 0, 0, 0, 0, 0, 0, 0, 0, 0, 0, 0, 0, 0, 0, 0, 
0, 0, 0, 0, 0, 0, 0, 0, 0, 0, 0, 0, 0, 0, 0, 0, 0, 0, 0, 0, 0, 
0, 0, 0, 0, 0, 0, 0, 0, 8.49900158918332e-06, 8.19750036899086e-06, 
1.6573419697392e-06, 1.35256222307501e-06, 0, 1.6573419697392e-06, 
9.86358078103637e-06, -1.78151979377711e-05, 0, 9.56182645818032e-07, 
2.34635399782847e-06, 1.35272998074953e-06, 1.35265809000905e-06, 
0, 1.6573419697392e-06, 1.65734196974369e-06, 9.56182467319277e-07, 
1.91441901817789e-06, 2.14115249845716e-06, 1.04957901887892e-05, 
-3.57770782797219e-05, -5.79830655665213e-06, -5.23538460181869e-06, 
-1.4955090122596e-06, -1.22064119658468e-06, 0, -1.4955090122596e-06, 
2.33105676750549e-05, -1.51201452342615e-05, 0, -8.62815238751188e-07, 
-2.1172431931681e-06, -1.22064119658468e-06, -1.22064119658468e-06, 
0, -1.4955090122596e-06, -1.4955090122596e-06, -8.62815238751188e-07, 
-1.72748321236649e-06, -1.9320772068835e-06, -9.56261352801811e-06, 
3.22835893698076e-05, 1.13597302204802e-05, -5.19694075738109e-07, 
1.76459286876832e-06, 1.4402684017932e-06, 0, 1.76459286876832e-06, 
-1.34164781286951e-05, 4.70205608075922e-07, 0, 1.01805954430993e-06, 
2.49819469474983e-06, 1.44026840745899e-06, 1.4402684017932e-06, 
0, 1.76459286880876e-06, 1.76459286876832e-06, 1.01805954430993e-06, 
2.03830571004821e-06, 2.27971194156393e-06, 1.12831914302491e-05, 
-3.80923018262177e-05, 2.32429348643275e-09, 9.77976472178469e-05, 
0.000184542312064961, -0.000265502013539975, -2.50775838450475e-09, 
-9.77967749994944e-05, -0.000184540616835628, 0.000265499641278001, 
8.49900122809035e-06, 8.19750035874685e-06, 1.6573420057259e-06, 
1.35256223923427e-06, 0, 1.6573420057259e-06, 9.8635806461004e-06, 
-1.78151982860811e-05, 0, 9.56182617311583e-07, 2.34635397453157e-06, 
1.35272999263202e-06, 1.35265809868871e-06, 0, 1.6573420057259e-06, 
1.65734200573129e-06, 9.56182435449052e-07, 1.91441898460849e-06, 
2.14115252867921e-06, 1.04957903150792e-05, -3.57770777748493e-05, 
-5.79830726302324e-06, -5.23538462663602e-06, -1.49550897869119e-06, 
-1.22064128965577e-06, 0, -1.49550897869119e-06, 2.33105734480146e-05, 
-1.51201426830401e-05, 0, -8.62815086560014e-07, -2.11724388389234e-06, 
-1.22064128965577e-06, -1.22064128965577e-06, 0, -1.49550897869119e-06, 
-1.49550897869119e-06, -8.62815086560014e-07, -1.72748408946804e-06, 
-1.93207708716812e-06, -9.56261144548097e-06, 3.22835960646874e-05, 
1.13597288294316e-05, -5.19694054939908e-07, 1.7645926567572e-06, 
1.44026845513045e-06, 0, 1.7645926567572e-06, -1.34164793749458e-05, 
4.70204713698132e-07, 0, 1.01805948527087e-06, 2.49819473302079e-06, 
1.44026846320672e-06, 1.44026845513045e-06, 0, 1.76459265682452e-06, 
1.7645926567572e-06, 1.01805948527087e-06, 2.0383055863689e-06, 
2.27971154603979e-06, 1.12831918425651e-05, -3.80922998361384e-05, 
2.32875171138681e-09, 9.77976532462363e-05, 0.000184542287777733, 
-0.000265501963227834, -2.5055528084999e-09, -9.77967747777318e-05, 
-0.000184540653889649, 0.000265499691864159, 4.90339345174898e-06, 
4.72944474559663e-06, 9.56182237350265e-07, 7.80343759175122e-07, 
0, 9.56182237350265e-07, 5.69067146539616e-06, -1.02782524164634e-05, 
0, 5.51657367246207e-07, 1.35369837096235e-06, 7.80440548927815e-07, 
7.80399106322826e-07, 0, 9.56182237350265e-07, 9.56182237269652e-07, 
5.5180768252307e-07, 1.10449973834742e-06, 1.23531187354106e-06, 
6.05541387617813e-06, -2.06411377609842e-05, -3.34522831294842e-06, 
-3.02048595533959e-06, -8.6281244076615e-07, -7.04235636002798e-07, 
0, -8.6281244076615e-07, 1.34487483872431e-05, -8.7233660418091e-06, 
0, -4.9779146264765e-07, -1.22151654457642e-06, -7.04235636002798e-07, 
-7.04235636002798e-07, 0, -8.6281244076615e-07, -8.6281244076615e-07, 
-4.9779146264765e-07, -9.9664385727452e-07, -1.11468140130337e-06, 
-5.51702529743407e-06, 1.862555341115e-05, 6.55387032071075e-06, 
-2.99830998291127e-07, 1.01805900231054e-06, 8.30944982918854e-07, 
0, 1.01805900231054e-06, -7.74046210068702e-06, 2.7127983851776e-07, 
0, 5.87356011933656e-07, 1.44129617351544e-06, 8.30944982918854e-07, 
8.30944982918854e-07, 0, 1.01805899792257e-06, 1.01805900231054e-06, 
5.87356011933656e-07, 1.17597434147541e-06, 1.31525454548748e-06, 
6.50969071799583e-06, -2.19769022784718e-05, 1.38597568584148e-09, 
5.64230669393144e-05, 0.00010646939272675, -0.000153178251845692, 
-1.45363554190297e-09, -5.6422446555838e-05, -0.000106468273863306, 
0.000153176525578606, 9.8173159832913e-06, 9.46904776919394e-06, 
1.91441898761259e-06, 1.56236363190569e-06, 0, 1.91441898761259e-06, 
1.13935605325351e-05, -2.05785850217497e-05, 0, 1.10449998653988e-06, 
2.71030638156069e-06, 1.56255741290463e-06, 1.5624743717936e-06, 
0, 1.91441898761259e-06, 1.91441898761259e-06, 1.10449977293446e-06, 
2.21137227517169e-06, 2.47327532941632e-06, 1.21238346928709e-05, 
-4.13266048164589e-05, -6.69770544852513e-06, -6.04746594161526e-06, 
-1.72748358557204e-06, -1.40997986002646e-06, 0, -1.72748358557204e-06, 
2.69263670593685e-05, -1.74654929040668e-05, 0, -9.96649911460512e-07, 
-2.44565801989291e-06, -1.40997986002646e-06, -1.40997986002646e-06, 
0, -1.72748358557204e-06, -1.72748358557204e-06, -9.96649911460512e-07, 
-1.99544036616746e-06, -2.23177009578996e-06, -1.10459081102207e-05, 
3.72912227513181e-05, 1.31217832742321e-05, -6.00305900115716e-07, 
2.03830569549515e-06, 1.66367429280551e-06, 0, 2.03830569549515e-06, 
-1.54975636207726e-05, 5.43140587697748e-07, 0, 1.1759748322216e-06, 
2.8856997389793e-06, 1.66367429647216e-06, 1.66367429280551e-06, 
0, 2.03830569521795e-06, 2.03830569549515e-06, 1.1759748322216e-06, 
2.35447556032191e-06, 2.63332704449982e-06, 1.30333732913146e-05, 
-4.40009505996283e-05, 2.68608906495547e-09, 0.000112967446609116, 
0.000213167419404617, -0.000306685115886961, -2.8960475160067e-09, 
-0.000112966429141717, -0.000213165510992113, 0.000306682360967739, 
1.09800264397376e-05, 1.05905110586368e-05, 2.14115253020032e-06, 
1.74740157413118e-06, 0, 2.14115253020032e-06, 1.2742952481988e-05, 
-2.3015802653683e-05, 0, 1.23531103679432e-06, 3.0313005205441e-06, 
1.74761830134344e-06, 1.74752542465569e-06, 0, 2.14115253020032e-06, 
2.14115253019576e-06, 1.2353107982216e-06, 2.47327533345297e-06, 
2.76619683477857e-06, 1.35597167491417e-05, -4.62211067350236e-05, 
-7.49094549631696e-06, -6.76369558077504e-06, -1.93207747942036e-06, 
-1.5769701747023e-06, 0, -1.93207747942036e-06, 3.01153847614732e-05, 
-1.95340109567273e-05, 0, -1.11468784311927e-06, -2.73530867544772e-06, 
-1.5769701747023e-06, -1.5769701747023e-06, 0, -1.93207747942036e-06, 
-1.93207747942036e-06, -1.11468784311927e-06, -2.23176993902512e-06, 
-2.49608846196673e-06, -1.23541259925883e-05, 4.17077969021909e-05, 
1.46758566980558e-05, -6.71402962902022e-07, 2.27971167176517e-06, 
1.86071099924997e-06, 0, 2.27971167176517e-06, -1.73330132846929e-05, 
6.07467618505614e-07, 0, 1.31525101478762e-06, 3.2274662883338e-06, 
1.86071099925015e-06, 1.86071099924997e-06, 0, 2.27971167081682e-06, 
2.27971167176517e-06, 1.31525101478762e-06, 2.63332705209893e-06, 
2.94520426807849e-06, 1.45769774280601e-05, -4.92121882375118e-05, 
3.00097836627154e-09, 0.000126346701153586, 0.000238413828438114, 
-0.000343007210704661, -3.2323832592107e-09, -0.000126345573937118, 
-0.000238411677416579, 0.000343004181577871, 5.80559199988101e-05, 
5.24458052900862e-05, 1.04957902632759e-05, 8.56563863780125e-06, 
0, 1.04957902632759e-05, 6.46538236521299e-05, -0.000114941678689597, 
0, 6.05541429804846e-06, 1.48592379426605e-05, 8.56671130741541e-06, 
8.56625163101679e-06, 0, 1.04957902632759e-05, 1.04957902632778e-05, 
6.05541310717287e-06, 1.21238346853615e-05, 1.35597167549127e-05, 
7.45128186220481e-05, -0.000226572856522452, -3.70756430781424e-05, 
-3.34761961908593e-05, -9.56261292618451e-06, -7.80504771266715e-06, 
0, -9.56261292618451e-06, 0.000149052903871052, -9.66815216654448e-05, 
0, -5.51702943287302e-06, -1.35381211416728e-05, -7.80504771266715e-06, 
-7.80504771266715e-06, 0, -9.56261292618451e-06, -9.56261292618451e-06, 
-5.51702943287302e-06, -1.10459082405183e-05, -1.23541266466688e-05, 
-6.11454448434054e-05, 0.000206428335966523, 7.26365988893139e-05, 
-3.3230377239054e-06, 1.12831921059126e-05, 9.20939218254772e-06, 
0, 1.12831921059126e-05, -8.57879126155169e-05, 3.00659508912177e-06, 
0, 6.50969584253877e-06, 1.59740043230113e-05, 9.20939218056815e-06, 
9.20939218254772e-06, 0, 1.12831921061588e-05, 1.12831921059126e-05, 
6.50969584253877e-06, 1.30333735444311e-05, 1.45769766102096e-05, 
7.21472043048761e-05, -0.000243570516144345, -6.24293829619713e-06, 
0.000626085099935665, 0.0011792585257498, -0.00169693269792746, 
6.24189683661721e-06, -0.00062607948668874, -0.00117924795702368, 
0.00169691751558097, -0.000183468134456398, -0.000176959621718341, 
-3.57770780110672e-05, -2.91977909084661e-05, 0, -3.57770780110672e-05, 
-0.000212925334394097, 0.000384577069002965, 0, -2.06411355479952e-05, 
-5.06507949757881e-05, -2.92014122585948e-05, -2.91998603797053e-05, 
0, -3.57770780110672e-05, -3.57770780110672e-05, -2.06411315266936e-05, 
-4.13266051277577e-05, -4.62211069005253e-05, -0.000226572856533614, 
0.000772320574309477, 0.000125168173195891, 0.000113016360525523, 
3.22835877836145e-05, 2.63500091917113e-05, 0, 3.22835877836145e-05, 
-0.000503205821888745, 0.000326398902929038, 0, 1.86256101650795e-05, 
4.57049885455239e-05, 2.63500091917113e-05, 2.63500091917113e-05, 
0, 3.22835877836145e-05, 3.22835877836145e-05, 1.86256101650795e-05, 
3.72912251523269e-05, 4.17077984028965e-05, 0.000206428338185209, 
-0.000696906510352709, -0.000245222725433037, 1.12186469420735e-05, 
-3.80922996778666e-05, -3.10911067928849e-05, 0, -3.80922996778666e-05, 
0.000289621843870502, -1.01503297624241e-05, 0, -2.19768737156689e-05, 
-5.39285830511377e-05, -3.10911067946518e-05, -3.10911067928849e-05, 
0, -3.80922996783543e-05, -3.80922996778666e-05, -2.19768737156689e-05, 
-4.40009499614708e-05, -4.92121873479797e-05, -0.000243570517946195, 
0.000822299311854818, -5.01944985544912e-08, -0.00211116014075399, 
-0.00398371884567991, 0.00573139806048383, 5.4105253765581e-08, 
0.00211114121338479, 0.00398368314370936, -0.00573134670732339, 
-7.89644184804213e-05, 2.33310861499181e-05, -5.79830656230631e-06, 
-4.73260392504004e-06, 0, -5.79830656230631e-06, 9.03784426674654e-05, 
-5.86230051889022e-05, 0, -3.34526011113552e-06, -8.20886263529286e-06, 
-4.73260392387158e-06, -4.73260392387158e-06, 0, -5.79830656230631e-06, 
-5.79830656231259e-06, -3.34526011113552e-06, -6.69770529090738e-06, 
-7.49094567754835e-06, -3.70756435471412e-05, 0.000125168171566368, 
0.0119937603928112, 0.0170412241582932, 0.000349860574970235, 
0.000285557777470602, 0, 0.000349860574970235, -0.00522272512652827, 
0.00323432605086397, 0, 0.000201847662324184, 0.000495309685362038, 
0.000285557777470602, 0.000285557777470602, 0, 0.000349860574970235, 
0.000349860574970235, 0.000201847662324184, 0.000404128862156635, 
0.000451991720540603, 0.00180988507212811, -0.00755244796994429, 
-0.000553008393754224, 1.21354176656255e-05, -4.11852286802216e-05, 
-3.36155689202855e-05, 0, -4.11852286802216e-05, 0.000648099543105699, 
-0.000416397758854271, 0, -2.3761299926376e-05, -5.83073488395189e-05, 
-3.36155689187977e-05, -3.36155689202855e-05, 0, -4.11852286779789e-05, 
-4.11852286802216e-05, -2.3761299926376e-05, -4.75736352813461e-05, 
-5.32080024006555e-05, -0.000263347381706735, 0.0008890664350846, 
0.0378599650091793, -0.0119671366193578, -0.0376891372511693, 
0.0229858697935282, -0.037861912353946, 0.0119677099079275, 0.0376910758412216, 
-0.0229870520405881, 2.33310857062697e-05, -9.04189723980774e-05, 
-5.23538457061588e-06, -4.27314433788112e-06, 0, -5.23538457061588e-06, 
8.16042732940668e-05, -5.29316561119904e-05, 0, -3.02048927207193e-06, 
-7.41191424241526e-06, -4.27314433735184e-06, -4.27314433733401e-06, 
0, -5.23538457061588e-06, -5.23538457063371e-06, -3.02048927207485e-06, 
-6.04746614673048e-06, -6.7636957262628e-06, -3.34761962952734e-05, 
0.000113016359029052, 0.0170412241604317, 0.037205136971339, 
0.000117735731817411, 9.60964346332361e-05, 0, 0.000117735731817411, 
-0.00184205520577875, 0.00119880616940003, 0, 6.79261512693479e-05, 
0.000166682536095888, 9.60964346332361e-05, 9.60964346332361e-05, 
0, 0.000117735731817411, 0.000117735731817411, 6.79261512693479e-05, 
0.000135998196119532, 0.000152105093612862, 0.000764752699850392, 
-0.00254156381385837, 1.21354185573588e-05, -1.00737907302926e-06, 
3.39725309880709e-06, 2.77285313790092e-06, 0, 3.39725309880709e-06, 
-5.29180540552232e-05, 3.43474745500503e-05, 0, 1.96000287316414e-06, 
4.80960809606989e-06, 2.77285310681496e-06, 2.77285313790092e-06, 
0, 3.39725310171743e-06, 3.39725309880709e-06, 1.96000287316414e-06, 
3.92421492618866e-06, 4.38897684485332e-06, 2.17227809646041e-05, 
-7.33365813076801e-05, 0.0678472036761701, -0.00629873352088728, 
-0.0689395484901701, 0.00440373241803338, -0.067850693419591, 
0.00629888545364916, 0.0689430944328544, -0.00440395905066912, 
-5.79830658932864e-06, -5.23538448541928e-06, -1.49550909701565e-06, 
-1.22064125299467e-06, 0, -1.49550909701565e-06, 2.33105712959725e-05, 
-1.51201449755124e-05, 0, -8.62815168895308e-07, -2.11724378205446e-06, 
-1.2206412528724e-06, -1.22064125287176e-06, 0, -1.49550909701565e-06, 
-1.495509097011e-06, -8.62815168895945e-07, -1.72748353658086e-06, 
-1.93207743408128e-06, -9.5626128387541e-06, 3.22835875812885e-05, 
0.000349860576245269, 0.00011773573145597, 4.31026475928732e-05, 
3.51805750310379e-05, 0, 4.31026475928732e-05, -0.000648414068843328, 
0.000407078767721179, 0, 2.48675306911549e-05, 6.10219048946472e-05, 
3.51805750310379e-05, 3.51805750310379e-05, 0, 4.31026475928732e-05, 
4.31026475928732e-05, 2.48675306911549e-05, 4.97884732290602e-05, 
5.56851534337417e-05, 0.00023512249316797, -0.000930457806708232, 
-4.11852313958094e-05, 3.39725308200575e-06, -1.15346985858625e-05, 
-9.41467307676005e-06, 0, -1.15346985858625e-05, 0.000179672774904241, 
-0.00011662003273724, 0, -6.65479960178477e-06, -1.63300709155152e-05, 
-9.4146730707898e-06, -9.41467307676005e-06, 0, -1.15346985838946e-05, 
-1.15346985858625e-05, -6.65479960178477e-06, -1.33238922967289e-05, 
-1.49019028019226e-05, -7.37553921743037e-05, 0.000248999801343951, 
0.00028588619954263, 0.000303241539235359, -0.000712475808965987, 
0.00340106426941009, -0.000285900903978291, -0.000303337273153423, 
0.000712512468926107, -0.00340123920607496, -4.73260398908956e-06, 
-4.2731443841079e-06, -1.22064125614375e-06, -9.96292892827682e-07, 
0, -1.22064125614375e-06, 1.90261934679076e-05, -1.23411306491595e-05, 
0, -7.04233633231439e-07, -1.7281039276363e-06, -9.96292892225425e-07, 
-9.96292892225425e-07, 0, -1.22064125614375e-06, -1.22064125614373e-06, 
-7.04233633229143e-07, -1.40997983011416e-06, -1.57697030864556e-06, 
-7.80504780879669e-06, 2.63500096533271e-05, 0.000285557777034359, 
9.60964350014466e-05, 3.51805748638404e-05, 2.87145437590335e-05, 
0, 3.51805748638404e-05, -0.000529238485715362, 0.000332259523993308, 
0, 2.02969905851855e-05, 4.98063535617119e-05, 2.87145437590335e-05, 
2.87145437590335e-05, 0, 3.51805748638404e-05, 3.51805748638404e-05, 
2.02969905851855e-05, 4.06375760393819e-05, 4.54504732332678e-05, 
0.000191908038228016, -0.000759443847795122, -3.36155676362906e-05, 
2.77285329657341e-06, -9.41467305526458e-06, -7.68429850171427e-06, 
0, -9.41467305526458e-06, 0.000146649727563507, -9.5185795519246e-05, 
0, -5.43167725514045e-06, -1.33286774196032e-05, -7.68429850171416e-06, 
-7.68429850171427e-06, 0, -9.41467305545402e-06, -9.41467305526458e-06, 
-5.43167725514045e-06, -1.08750210766768e-05, -1.21630003246561e-05, 
-6.01994843263228e-05, 0.000203234755060428, 0.000233341604479298, 
0.000247507101978075, -0.000581525965323084, 0.00277596397434363, 
-0.000233353604263254, -0.000247585239743763, 0.000581555884427039, 
-0.0027761067927274, 0, 0, 0, 0, 0, 0, 0, 0, 0, 0, 0, 0, 0, 0, 
0, 0, 0, 0, 0, 0, 0, 0, 0, 0, 0, 0, 0, 0, 0, 0, 0, 0, 0, 0, 0, 
0, 0, 0, 0, 0, 0, 0, 0, 0, 0, 0, 0, 0, 0, 0, 0, 0, 0, 0, 0, 0, 
0, 0, 0, 0, 0, 0, 0, 0, 0, 0, 0, 0, 0, 0, 0, -5.79830648178518e-06, 
-5.23538446508429e-06, -1.49550907702861e-06, -1.22064125893249e-06, 
0, -1.49550907702861e-06, 2.33105714202633e-05, -1.51201448673478e-05, 
0, -8.62815173031369e-07, -2.11724379052478e-06, -1.22064125848343e-06, 
-1.22064125848547e-06, 0, -1.49550907702861e-06, -1.49550907702862e-06, 
-8.62815173029326e-07, -1.72748353176972e-06, -1.93207743584046e-06, 
-9.56261293286817e-06, 3.22835875226213e-05, 0.000349860573851359, 
0.000117735731878313, 4.31026474647507e-05, 3.51805747926616e-05, 
0, 4.31026474647507e-05, -0.000648414071767432, 0.000407078766263572, 
0, 2.48675306957738e-05, 6.10219047658234e-05, 3.51805747926616e-05, 
3.51805747926616e-05, 0, 4.31026474647507e-05, 4.31026474647507e-05, 
2.48675306957738e-05, 4.978847301625e-05, 5.56851533393259e-05, 
0.000235122492864573, -0.000930457799863798, -4.11852290562681e-05, 
3.39725311935437e-06, -1.15346987441898e-05, -9.41467307998624e-06, 
0, -1.15346987441898e-05, 0.000179672774551539, -0.000116620032117011, 
0, -6.65479945503859e-06, -1.63300707669126e-05, -9.41467307743047e-06, 
-9.41467307998624e-06, 0, -1.15346987442459e-05, -1.15346987441898e-05, 
-6.65479945503859e-06, -1.33238923564575e-05, -1.49019028588416e-05, 
-7.37553922147841e-05, 0.000248999795500005, 0.000285886201850996, 
0.000303241534573902, -0.000712475815828864, 0.00340106428521652, 
-0.00028590090552846, -0.000303337266218795, 0.000712512468660901, 
-0.00340123920491164, 9.03784428086555e-05, 8.16042721644804e-05, 
2.33105714292934e-05, 1.90261934205599e-05, 0, 2.33105714292934e-05, 
-0.000363344002674825, 0.000235678422226765, 0, 1.34487412591732e-05, 
3.30015800758145e-05, 1.90261934202781e-05, 1.90261934202767e-05, 
0, 2.33105714292934e-05, 2.33105714292932e-05, 1.3448741259173e-05, 
2.69263683135507e-05, 3.01153832174492e-05, 0.000149052904969221, 
-0.000503205820717608, -0.00522272512427018, -0.00184205522456277, 
-0.00064841406902118, -0.000529238484614995, 0, -0.00064841406902118, 
0.0108068346243408, -0.0074132655643994, 0, -0.000374094348900019, 
-0.000917982164395096, -0.000529238484614995, -0.000529238484614995, 
0, -0.00064841406902118, -0.00064841406902118, -0.000374094348900019, 
-0.000748992194322775, -0.000837698819468097, -0.00535560781937807, 
0.0139973288411741, 0.000648099543455541, -5.29180592740424e-05, 
0.000179672774429303, 0.000146649728018133, 0, 0.000179672774429303, 
-0.00280413479805835, 0.00181655761180827, 0, 0.000103659949399872, 
0.000254368944381743, 0.000146649728020374, 0.000146649728018133, 
0, 0.000179672774429356, 0.000179672774429303, 0.000103659949399872, 
0.000207542544179186, 0.000232122771846867, 0.00114886711343228, 
-0.00387860015434657, -0.00396941738147804, -0.00464085965204129, 
0.0106100504128304, -0.0525019747285039, 0.00396962155400817, 
0.00464233209265348, -0.0106105961408309, 0.0525046752015701, 
-5.86230049879707e-05, -5.29316560510719e-05, -1.51201449977278e-05, 
-1.23411304816305e-05, 0, -1.51201449977278e-05, 0.000235678422313173, 
-0.000152870208848547, 0, -8.72337765624351e-06, -2.14061108476951e-05, 
-1.23411304816781e-05, -1.23411304816781e-05, 0, -1.51201449977278e-05, 
-1.51201449977291e-05, -8.72337765624482e-06, -1.74654917614844e-05, 
-1.95340110934528e-05, -9.66815227659888e-05, 0.000326398904365961, 
0.00323432605122349, 0.00119880617343117, 0.000407078767967477, 
0.000332259524581505, 0, 0.000407078767967477, -0.00741326556614723, 
0.00543781075345187, 0, 0.000234858979798219, 0.000576315454122715, 
0.000332259524581505, 0.000332259524581505, 0, 0.000407078767967477, 
0.000407078767967477, 0.000234858979798219, 0.000470222399974824, 
0.000525913023355831, 0.00446763575384129, -0.0087876183662806, 
-0.000416397757443383, 3.43474743310524e-05, -0.00011662003202556, 
-9.5185795535963e-05, 0, -0.00011662003202556, 0.00181655761186812, 
-0.00117907127278329, 0, -6.72824619754349e-05, -0.000165103002032076, 
-9.51857955355939e-05, -9.5185795535963e-05, 0, -0.000116620032025998, 
-0.00011662003202556, -6.72824619754349e-05, -0.000134709436204628, 
-0.000150663700632616, -0.000745694054622278, 0.00251747920840653, 
0.00227431111784436, 0.00295340746352367, -0.00658728854302619, 
0.0337699033178097, -0.00227442809746857, -0.00295434964238773, 
0.00658762735640723, -0.0337716402824233, 0, 0, 0, 0, 0, 0, 0, 
0, 0, 0, 0, 0, 0, 0, 0, 0, 0, 0, 0, 0, 0, 0, 0, 0, 0, 0, 0, 0, 
0, 0, 0, 0, 0, 0, 0, 0, 0, 0, 0, 0, 0, 0, 0, 0, 0, 0, 0, 0, 0, 
0, 0, 0, 0, 0, 0, 0, 0, 0, 0, 0, 0, 0, 0, 0, 0, 0, 0, 0, 0, 0, 
0, -3.34526010074654e-06, -3.02048917809895e-06, -8.62815162722922e-07, 
-7.04233629455144e-07, 0, -8.62815162722922e-07, 1.34487419585121e-05, 
-8.72337718220195e-06, 0, -4.97790368835332e-07, -1.22151721334836e-06, 
-7.04233629447653e-07, -7.04233629447687e-07, 0, -8.62815162722922e-07, 
-8.62815162722922e-07, -4.97790368842008e-07, -9.9664993855046e-07, 
-1.11468780481164e-06, -5.51702932504522e-06, 1.86256095866781e-05, 
0.000201847666683287, 6.79261515161339e-05, 2.48675310527522e-05, 
2.02969907190921e-05, 0, 2.48675310527522e-05, -0.00037409434893071, 
0.000234858978969225, 0, 1.43470096624366e-05, 3.5205820703763e-05, 
2.02969907190921e-05, 2.02969907190921e-05, 0, 2.48675310527522e-05, 
2.48675310527522e-05, 1.43470096624366e-05, 2.87248338211662e-05, 
3.2126849437338e-05, 0.000135650967950472, -0.000536815937279013, 
-2.37612987348041e-05, 1.96000244047724e-06, -6.6547995574363e-06, 
-5.43167731338094e-06, 0, -6.6547995574363e-06, 0.000103659947387987, 
-6.72824617906298e-05, 0, -3.83940289271439e-06, -9.42142883045482e-06, 
-5.43167731168906e-06, -5.43167731338094e-06, 0, -6.6547995574889e-06, 
-6.6547995574363e-06, -3.83940289271439e-06, -7.687052077827e-06, 
-8.5974654460282e-06, -4.25522466588514e-05, 0.000143657304967606, 
0.000164938446843443, 0.000174951392162502, -0.00041105396155435, 
0.00196220119295966, -0.000164946941009358, -0.000175006617187041, 
0.000411075136434804, -0.00196230221334287, -8.20886261639511e-06, 
-7.41191437813864e-06, -2.11724379788616e-06, -1.72810392394038e-06, 
0, -2.11724379788616e-06, 3.3001579992565e-05, -2.14061108906569e-05, 
0, -1.22151720064418e-06, -2.99745507248351e-06, -1.72810392427669e-06, 
-1.72810392427645e-06, 0, -2.11724379788616e-06, -2.11724379788615e-06, 
-1.22151720064418e-06, -2.44565802678822e-06, -2.73530867835732e-06, 
-1.35381210298573e-05, 4.57049887180617e-05, 0.000495309683963881, 
0.000166682536849556, 6.10219047481592e-05, 4.98063536136536e-05, 
0, 6.10219047481592e-05, -0.000917982164136098, 0.000576315454436564, 
0, 3.52058210680641e-05, 8.63908154349389e-05, 4.98063536136536e-05, 
4.98063536136536e-05, 0, 6.10219047481592e-05, 6.10219047481592e-05, 
3.52058210680641e-05, 7.04872587483694e-05, 7.88353923798554e-05, 
0.000332871023927684, -0.00131728120517604, -5.83073490981749e-05, 
4.80960843880403e-06, -1.63300708283162e-05, -1.33286773388655e-05, 
0, -1.63300708283162e-05, 0.000254368944806927, -0.000165103001928072, 
0, -9.42142914529076e-06, -2.31190446535701e-05, -1.33286773361734e-05, 
-1.33286773388655e-05, 0, -1.63300708258476e-05, -1.63300708283162e-05, 
-9.42142914529076e-06, -1.88630940605422e-05, -2.10971379283918e-05, 
-0.000104418053388267, 0.000352517599274113, 0.000404738955968307, 
0.000429309500386583, -0.00100867658993051, 0.00481500401547715, 
-0.000404759774057342, -0.000429445031029151, 0.00100872847763, 
-0.0048152516622153, -4.73260391919579e-06, -4.27314438178586e-06, 
-1.22064124679539e-06, -9.9629289169544e-07, 0, -1.22064124679539e-06, 
1.9026193428615e-05, -1.23411304083953e-05, 0, -7.04233629492359e-07, 
-1.72810391923341e-06, -9.96292891798383e-07, -9.96292891798113e-07, 
0, -1.22064124679539e-06, -1.22064124679677e-06, -7.04233629492359e-07, 
-1.40997983232519e-06, -1.57697030978436e-06, -7.80504781054433e-06, 
2.63500096388833e-05, 0.000285557777341972, 9.60964349995303e-05, 
3.51805749400133e-05, 2.87145437830188e-05, 0, 3.51805749400133e-05, 
-0.000529238484235491, 0.000332259523549256, 0, 2.0296990664866e-05, 
4.98063534824115e-05, 2.87145437830188e-05, 2.87145437830188e-05, 
0, 3.51805749400133e-05, 3.51805749400133e-05, 2.0296990664866e-05, 
4.06375762332852e-05, 4.5450472907469e-05, 0.000191908037553237, 
-0.000759443849139909, -3.36155689054613e-05, 2.77285329645641e-06, 
-9.41467305953651e-06, -7.68429854541828e-06, 0, -9.41467305953651e-06, 
0.000146649727839987, -9.51857956275328e-05, 0, -5.4316773066074e-06, 
-1.33286774342098e-05, -7.68429854583581e-06, -7.68429854541828e-06, 
0, -9.41467306005191e-06, -9.41467305953651e-06, -5.4316773066074e-06, 
-1.08750209976284e-05, -1.21630003434426e-05, -6.01994833298121e-05, 
0.000203234755223965, 0.000233341604545535, 0.000247507107285477, 
-0.000581525977930208, 0.00277596396360074, -0.000233353606022651, 
-0.000247585244383748, 0.000581555885711188, -0.0027761067584142, 
-4.73260377387601e-06, -4.27314440230507e-06, -1.22064124463474e-06, 
-9.96292895186605e-07, 0, -1.22064124463474e-06, 1.90261934247572e-05, 
-1.23411303138084e-05, 0, -7.04233628936328e-07, -1.72810390768707e-06, 
-9.96292895308437e-07, -9.96292895303845e-07, 0, -1.22064124463474e-06, 
-1.22064124463082e-06, -7.0423362893303e-07, -1.40997987124481e-06, 
-1.57697031582281e-06, -7.80504777458166e-06, 2.63500093252769e-05, 
0.00028555777646883, 9.60964344869395e-05, 3.51805748804688e-05, 
2.87145437431993e-05, 0, 3.51805748804688e-05, -0.000529238483349842, 
0.000332259526254495, 0, 2.02969906353503e-05, 4.98063536539134e-05, 
2.87145437431993e-05, 2.87145437431993e-05, 0, 3.51805748804688e-05, 
3.51805748804688e-05, 2.02969906353503e-05, 4.06375761695782e-05, 
4.54504727085122e-05, 0.000191908038855624, -0.000759443849131158, 
-3.36155679018535e-05, 2.77285327770286e-06, -9.41467298852364e-06, 
-7.68429854218448e-06, 0, -9.41467298852364e-06, 0.000146649726839299, 
-9.5185794973659e-05, 0, -5.43167733425701e-06, -1.33286772002841e-05, 
-7.68429854221476e-06, -7.68429854218448e-06, 0, -9.41467298749855e-06, 
-9.41467298852364e-06, -5.43167733425701e-06, -1.08750209210261e-05, 
-1.21630000144004e-05, -6.0199484439564e-05, 0.000203234756212354, 
0.000233341606575376, 0.00024750710826939, -0.000581525982214741, 
0.00277596397317559, -0.000233353605587765, -0.000247585246315543, 
0.000581555882981554, -0.00277610676840567, 0, 0, 0, 0, 0, 0, 
0, 0, 0, 0, 0, 0, 0, 0, 0, 0, 0, 0, 0, 0, 0, 0, 0, 0, 0, 0, 0, 
0, 0, 0, 0, 0, 0, 0, 0, 0, 0, 0, 0, 0, 0, 0, 0, 0, 0, 0, 0, 0, 
0, 0, 0, 0, 0, 0, 0, 0, 0, 0, 0, 0, 0, 0, 0, 0, 0, 0, 0, 0, 0, 
0, 0, -5.79830654157412e-06, -5.23538443255902e-06, -1.49550909275518e-06, 
-1.2206412514767e-06, 0, -1.49550909275518e-06, 2.33105714299839e-05, 
-1.51201450837627e-05, 0, -8.62815165474019e-07, -2.11724377843878e-06, 
-1.2206412514746e-06, -1.22064125147677e-06, 0, -1.49550909275518e-06, 
-1.49550909275736e-06, -8.62815165473714e-07, -1.72748352598842e-06, 
-1.93207743468049e-06, -9.56261297573983e-06, 3.2283587736982e-05, 
0.000349860574636416, 0.000117735731253696, 4.31026473685447e-05, 
3.51805750130826e-05, 0, 4.31026473685447e-05, -0.000648414067006767, 
0.000407078768074825, 0, 2.4867530750307e-05, 6.10219045183527e-05, 
3.51805750130826e-05, 3.51805750130826e-05, 0, 4.31026473685447e-05, 
4.31026473685447e-05, 2.4867530750307e-05, 4.97884730444893e-05, 
5.56851530559234e-05, 0.000235122493073334, -0.000930457799727676, 
-4.11852285114201e-05, 3.39725311068128e-06, -1.15346985857751e-05, 
-9.41467304595007e-06, 0, -1.15346985857751e-05, 0.000179672774006329, 
-0.000116620031737578, 0, -6.65479950997385e-06, -1.63300707441478e-05, 
-9.41467304596443e-06, -9.41467304595007e-06, 0, -1.1534698585776e-05, 
-1.15346985857751e-05, -6.65479950997385e-06, -1.332389244088e-05, 
-1.49019028428919e-05, -7.37553921277774e-05, 0.000248999795091093, 
0.000285886200400973, 0.000303241539469078, -0.000712475813401944, 
0.00340106426900472, -0.000285900902233896, -0.000303337268235798, 
0.000712512469265407, -0.00340123918571428, -5.79830649538409e-06, 
-5.23538442974631e-06, -1.49550908055277e-06, -1.220641244153e-06, 
0, -1.49550908055277e-06, 2.33105714482469e-05, -1.51201450680916e-05, 
0, -8.62815174061249e-07, -2.11724379978705e-06, -1.22064124415086e-06, 
-1.22064124415117e-06, 0, -1.49550908055277e-06, -1.4955090805543e-06, 
-8.6281517406095e-07, -1.72748353888889e-06, -1.93207743454393e-06, 
-9.56261298382684e-06, 3.22835877566973e-05, 0.00034986057610351, 
0.000117735732004577, 4.31026471815056e-05, 3.51805748425665e-05, 
0, 4.31026471815056e-05, -0.000648414070787158, 0.000407078769107296, 
0, 2.48675307313267e-05, 6.10219045938957e-05, 3.51805748425665e-05, 
3.51805748425665e-05, 0, 4.31026471815056e-05, 4.31026471815056e-05, 
2.48675307313267e-05, 4.97884731949166e-05, 5.56851534182984e-05, 
0.000235122494359604, -0.000930457798378666, -4.11852277334282e-05, 
3.39725308539186e-06, -1.15346986812865e-05, -9.41467302742423e-06, 
0, -1.15346986812865e-05, 0.000179672774732892, -0.000116620032270623, 
0, -6.6547995106661e-06, -1.63300707518002e-05, -9.41467302788659e-06, 
-9.41467302742423e-06, 0, -1.15346986809431e-05, -1.15346986812865e-05, 
-6.6547995106661e-06, -1.33238924095274e-05, -1.49019028843965e-05, 
-7.37553923904435e-05, 0.000248999794575983, 0.000285886202259789, 
0.000303241536369142, -0.000712475817857372, 0.00340106426203531, 
-0.000285900905641569, -0.000303337266568754, 0.000712512459401968, 
-0.00340123921193768, -3.34526005363442e-06, -3.02048927387443e-06, 
-8.62815177102821e-07, -7.04233623947612e-07, 0, -8.62815177102821e-07, 
1.34487412841307e-05, -8.72337723019849e-06, 0, -4.97790340008485e-07, 
-1.22151718815599e-06, -7.04233625275142e-07, -7.04233625275186e-07, 
0, -8.62815177102821e-07, -8.6281517711275e-07, -4.97790340008485e-07, 
-9.9664987220693e-07, -1.11468781386111e-06, -5.51702964227986e-06, 
1.86256098000491e-05, 0.000201847661895231, 6.79261522456084e-05, 
2.48675303880561e-05, 2.02969907838178e-05, 0, 2.48675303880561e-05, 
-0.000374094345589089, 0.00023485897910185, 0, 1.43470092705611e-05, 
3.52058218281122e-05, 2.02969907838178e-05, 2.02969907838178e-05, 
0, 2.48675303880561e-05, 2.48675303880561e-05, 1.43470092705611e-05, 
2.87248338193397e-05, 3.21268497457505e-05, 0.000135650972997348, 
-0.000536815934642071, -2.37612993394593e-05, 1.96000247678904e-06, 
-6.65479880951905e-06, -5.43167721333942e-06, 0, -6.65479880951905e-06, 
0.000103659949111405, -6.72824621482496e-05, 0, -3.83940288470347e-06, 
-9.4214289266747e-06, -5.43167720068269e-06, -5.43167721333942e-06, 
0, -6.65479880945636e-06, -6.65479880951905e-06, -3.83940288470347e-06, 
-7.68705266253639e-06, -8.59746585388746e-06, -4.25522465393569e-05, 
0.000143657305471195, 0.000164938450044298, 0.000174951407920982, 
-0.000411054000557344, 0.0019622012213828, -0.000164946929474329, 
-0.000175006625482051, 0.00041107512987358, -0.00196230224286662, 
-6.69770532027625e-06, -6.04746606926985e-06, -1.72748351588863e-06, 
-1.40997984668865e-06, 0, -1.72748351588863e-06, 2.69263683107737e-05, 
-1.74654918119533e-05, 0, -9.96649920748038e-07, -2.44565800551179e-06, 
-1.40997984717509e-06, -1.40997984717209e-06, 0, -1.72748351588863e-06, 
-1.72748351588605e-06, -9.9664992075106e-07, -1.99544048996051e-06, 
-2.23176977467596e-06, -1.10459084769585e-05, 3.72912254289324e-05, 
0.000404128862873782, 0.000135998196499324, 4.97884730823296e-05, 
4.06375758379448e-05, 0, 4.97884730823296e-05, -0.000748992190450667, 
0.000470222399972306, 0, 2.87248338265806e-05, 7.04872583983848e-05, 
4.06375758379448e-05, 4.06375758379448e-05, 0, 4.97884730823296e-05, 
4.97884730823296e-05, 2.87248338265806e-05, 5.75113643744197e-05, 
6.43227023533861e-05, 0.000271593292199627, -0.00107478486948805, 
-4.75736357167364e-05, 3.92421480048514e-06, -1.33238924336777e-05, 
-1.08750210923786e-05, 0, -1.33238924336777e-05, 0.000207542544183334, 
-0.000134709436056173, 0, -7.68705224424464e-06, -1.88630939621726e-05, 
-1.08750210917433e-05, -1.08750210923786e-05, 0, -1.33238924330597e-05, 
-1.33238924336777e-05, -7.68705224424464e-06, -1.53906151442337e-05, 
-1.72133970967807e-05, -8.51958891808141e-05, 0.000287623158698119, 
0.000330231163493051, 0.000350278554939394, -0.000822990830189285, 
0.00392861709338418, -0.000330248147318657, -0.000350389138907848, 
0.000823033156292939, -0.00392881915249494, -7.49094573311735e-06, 
-6.76369560626736e-06, -1.9320774372475e-06, -1.57697030227391e-06, 
0, -1.9320774372475e-06, 3.0115383203513e-05, -1.95340110999855e-05, 
0, -1.1146877983676e-06, -2.73530867497566e-06, -1.57697030227259e-06, 
-1.57697030227391e-06, 0, -1.9320774372475e-06, -1.93207743720677e-06, 
-1.11468779836628e-06, -2.23176976581774e-06, -2.49608863092282e-06, 
-1.23541267379317e-05, 4.17077983534234e-05, 0.000451991720565907, 
0.000152105095018603, 5.56851532478364e-05, 4.54504729678442e-05, 
0, 5.56851532478364e-05, -0.000837698820476097, 0.000525913023255274, 
0, 3.21268494144621e-05, 7.88353921102825e-05, 4.54504729678442e-05, 
4.54504729678442e-05, 0, 5.56851532478364e-05, 5.56851532478364e-05, 
3.21268494144621e-05, 6.4322702240534e-05, 7.19407388754852e-05, 
0.000303759348616649, -0.00120207663253723, -5.32080022570191e-05, 
4.38897775780058e-06, -1.49019028000094e-05, -1.21630002429751e-05, 
0, -1.49019028000094e-05, 0.000232122772486773, -0.000150663700415054, 
0, -8.59746560721243e-06, -2.10971379564582e-05, -1.21630002446183e-05, 
-1.21630002429751e-05, 0, -1.49019027999309e-05, -1.49019028000094e-05, 
-8.59746560721243e-06, -1.72133972444042e-05, -1.92520597926295e-05, 
-9.52860341442553e-05, 0.000321687705911265, 0.000369341975725795, 
0.000391763670118848, -0.000920461443307608, 0.00439390145632446, 
-0.000369360971387373, -0.000391887347363094, 0.000920508790618615, 
-0.00439412744698675, -3.70756435542942e-05, -3.34761961451569e-05, 
-9.56261293775436e-06, -7.80504776498808e-06, 0, -9.56261293775436e-06, 
0.000149052904970183, -9.66815227267086e-05, 0, -5.51702937481117e-06, 
-1.35381210094909e-05, -7.80504776475036e-06, -7.80504776475036e-06, 
0, -9.56261293775436e-06, -9.56261293775458e-06, -5.51702937481244e-06, 
-1.10459084640753e-05, -1.23541267234921e-05, -6.11454446651275e-05, 
0.000206428336823469, 0.00180988507353517, 0.000764752697242132, 
0.000235122493455272, 0.000191908038538006, 0, 0.000235122493455272, 
-0.00535560782042122, 0.00446763575319775, 0, 0.000135650967974526, 
0.000332871024340402, 0.000191908038538006, 0.000191908038538006, 
0, 0.000235122493455272, 0.000235122493455272, 0.000135650967974526, 
0.000271593293119632, 0.00030375934865936, 0.0044518140177359, 
-0.00507559446382695, -0.000263347381605063, 2.17227812721274e-05, 
-7.37553924175231e-05, -6.01994836078901e-05, 0, -7.37553924175231e-05, 
0.00114886711366601, -0.000745694053922371, 0, -4.25522468426076e-05, 
-0.000104418053343026, -6.01994836097864e-05, -6.01994836078901e-05, 
0, -7.37553924179372e-05, -7.37553924175231e-05, -4.25522468426076e-05, 
-8.51958892125769e-05, -9.52860342433328e-05, -0.00047160815035206, 
0.00159215928744337, 0.000959066278745363, 0.00178035706242072, 
-0.00368677383576697, 0.0208781978501138, -0.000959115609876259, 
-0.00178093294035144, 0.00368696346652019, -0.020879271748357, 
0.000125168171849639, 0.00011301636018831, 3.22835875813454e-05, 
2.63500096128382e-05, 0, 3.22835875813454e-05, -0.000503205820651444, 
0.000326398904949868, 0, 1.86256101644741e-05, 4.5704988537284e-05, 
2.63500096127155e-05, 2.63500096127148e-05, 0, 3.22835875813454e-05, 
3.22835875813416e-05, 1.86256101644713e-05, 3.72912252330204e-05, 
4.17077982616988e-05, 0.000206428336888708, -0.000696906518640639, 
-0.00755244796759014, -0.00254156384484459, -0.000930457800693888, 
-0.000759443849405521, 0, -0.000930457800693888, 0.0139973288392703, 
-0.00878761836331801, 0, -0.000536815935815929, -0.00131728120526647, 
-0.000759443849405521, -0.000759443849405521, 0, -0.000930457800693888, 
-0.000930457800693888, -0.000536815935815929, -0.00107478486820038, 
-0.0012020766338833, -0.00507559446288043, 0.0200858131225677, 
0.000889066440037793, -7.33365781458959e-05, 0.000248999795596565, 
0.000203234755097305, 0, 0.000248999795596565, -0.00387860015302342, 
0.00251747920837693, 0, 0.00014365730300679, 0.000352517599852642, 
0.000203234755092448, 0.000203234755097305, 0, 0.000248999795596105, 
0.000248999795596565, 0.00014365730300679, 0.000287623159631793, 
0.000321687706509264, 0.00159215928592102, -0.00537516408995449, 
-0.00617143172317861, -0.00654608174583598, 0.0153802312508862, 
-0.0734188494728586, 0.00617174915818649, 0.00654814829732843, 
-0.0153810223341678, 0.0734226258410294, 0.000107672965372941, 
-3.34629201184923e-06, 1.13597290553613e-05, 9.2718620583697e-06, 
0, 1.13597290553613e-05, -3.4893341594345e-05, -6.06251518232023e-05, 
0, 6.55385295044782e-06, 1.60823602930812e-05, 9.27186205905591e-06, 
9.27186205905157e-06, 0, 1.13597290553613e-05, 1.1359729055362e-05, 
6.55385295044851e-06, 1.31217825465913e-05, 1.46758562202879e-05, 
7.26365985233294e-05, -0.000245222722557738, -0.000553008391780907, 
1.21354174302328e-05, -4.11852284851637e-05, -3.36155692334323e-05, 
0, -4.11852284851637e-05, 0.000648099538760545, -0.000416397756415705, 
0, -2.37613002354793e-05, -5.83073487577148e-05, -3.36155692334323e-05, 
-3.36155692334323e-05, 0, -4.11852284851637e-05, -4.11852284851637e-05, 
-2.37613002354793e-05, -4.75736355424575e-05, -5.32080021835117e-05, 
-0.000263347381880382, 0.00088906644034083, 0.0236925670003772, 
0.00014179053346415, -0.000481791214349544, -0.00039324015980123, 
0, -0.000481791214349544, -0.0164343585764165, 0.000516320718556571, 
0, -0.000277963386772183, -0.000682088441760241, -0.000393240159800165, 
-0.00039324015980123, 0, -0.000483212545680072, -0.000481791214349544, 
-0.000277963386772183, -0.00055652379567835, -0.000622435494404481, 
-0.00308067707363853, 0.0104004375893566, -0.0282148932203364, 
-0.0252512513882583, -0.00244531201345381, 0.0236890127210313, 
0.0282149268292609, 0.0252512814600956, 0.00244461965861837, 
-0.0236890409510706, -3.3462921051193e-06, 1.53899774696223e-07, 
-5.19694052760394e-07, -4.24176625789519e-07, 0, -5.19694052760394e-07, 
3.95089790012503e-06, -1.37964464738609e-07, 0, -2.99830952139092e-07, 
-7.35748794664056e-07, -4.24176625890113e-07, -4.24176625890645e-07, 
0, -5.19694052760394e-07, -5.19694052760391e-07, -2.99830952139095e-07, 
-6.00305894468075e-07, -6.71402912397739e-07, -3.32303769154047e-06, 
1.12186469504759e-05, 1.21354177239825e-05, -1.00737903826852e-06, 
3.39725310230492e-06, 2.77285330426178e-06, 0, 3.39725310230492e-06, 
-5.2918059241103e-05, 3.4347473885384e-05, 0, 1.96000247990211e-06, 
4.80960842640397e-06, 2.77285330426178e-06, 2.77285330426178e-06, 
0, 3.39725310230492e-06, 3.39725310230492e-06, 1.96000247990211e-06, 
3.9242147694555e-06, 4.38897781134925e-06, 2.1722781232852e-05, 
-7.33365786650581e-05, 0.000141790533482925, 2.70285628567339e-06, 
-9.0653723595831e-06, -7.39919780158187e-06, 0, -9.0653723595831e-06, 
-8.17244346593538e-05, 3.57517610660732e-05, 0, -5.23015265973259e-06, 
-1.28341604168471e-05, -7.39919780158595e-06, -7.39919780158187e-06, 
0, -9.03957066731289e-06, -9.0653723595831e-06, -5.23015265973259e-06, 
-1.04715388930105e-05, -1.17117318952772e-05, -5.79622295733565e-05, 
0.000195694393432599, -0.000474357135783266, -0.000255674301545426, 
-8.56824616498759e-05, 0.000580196386281117, 0.000474357700361452, 
0.00025567460483975, 8.56793900954088e-05, -0.000580197070837334, 
1.13597291947532e-05, -5.1969405480136e-07, 1.76459260517998e-06, 
1.44026843828478e-06, 0, 1.76459260517998e-06, -1.34164797914711e-05, 
4.70205152455385e-07, 0, 1.01805953003053e-06, 2.49819462087981e-06, 
1.44026843956199e-06, 1.44026843955612e-06, 0, 1.76459260517998e-06, 
1.76459260517902e-06, 1.01805953003056e-06, 2.03830572107424e-06, 
2.27971172959829e-06, 1.12831922264958e-05, -3.80923003623512e-05, 
-4.11852253506645e-05, 3.39725346480919e-06, -1.15346987494896e-05, 
-9.41467263240469e-06, 0, -1.15346987494896e-05, 0.000179672771827389, 
-0.000116620030622767, 0, -6.65479944216147e-06, -1.63300712661703e-05, 
-9.41467263240469e-06, -9.41467263240469e-06, 0, -1.15346987494896e-05, 
-1.15346987494896e-05, -6.65479944216147e-06, -1.33238921882525e-05, 
-1.49019028090996e-05, -7.37553914169094e-05, 0.000248999787455208, 
-0.000481791216817589, -9.06537237822704e-06, 3.07867777650482e-05, 
2.51283069858932e-05, 0, 3.07867777650482e-05, 0.000277323892362882, 
-0.000121290775816893, 0, 1.77620447486868e-05, 4.3585903421082e-05, 
2.51283069771039e-05, 2.51283069858932e-05, 0, 3.06991796220647e-05, 
3.07867777650482e-05, 1.77620447486868e-05, 3.55622391104688e-05, 
3.97740406664915e-05, 0.000196857150119222, -0.000664594847898873, 
0.00161113167266333, 0.000867322551773012, 0.000291515744857182, 
-0.00197052002100878, -0.00161113360077286, -0.000867323590991531, 
-0.000291505333682873, 0.0019705223743595, 9.27186212797329e-06, 
-4.2417662735756e-07, 1.44026843174078e-06, 1.17555358653289e-06, 
0, 1.44026843174078e-06, -1.09505912461801e-05, 3.83783535311066e-07, 
0, 8.30944782654958e-07, 2.03903773195523e-06, 1.17555358700619e-06, 
1.17555358700617e-06, 0, 1.44026843174078e-06, 1.44026843174383e-06, 
8.30944782654958e-07, 1.6636742868246e-06, 1.86071097589115e-06, 
9.20939221761891e-06, -3.10911069865549e-05, -3.36155684813461e-05, 
2.77285325954667e-06, -9.41467302498469e-06, -7.68429869551456e-06, 
0, -9.41467302498469e-06, 0.000146649728521647, -9.51857955061194e-05, 
0, -5.43167736639221e-06, -1.33286770849388e-05, -7.68429869551456e-06, 
-7.68429869551456e-06, 0, -9.41467302498469e-06, -9.41467302498469e-06, 
-5.43167736639221e-06, -1.08750209446734e-05, -1.21629999707964e-05, 
-6.01994834790494e-05, 0.000203234754571353, -0.000393240160670331, 
-7.39919777166806e-06, 2.51283066776856e-05, 2.05098372915664e-05, 
0, 2.51283066776856e-05, 0.000226353010820487, -9.89980787295865e-05, 
0, 1.44974608903075e-05, 3.55750109793115e-05, 2.05098372915665e-05, 
2.05098372915664e-05, 0, 2.50568086232317e-05, 2.51283066776856e-05, 
1.44974608903075e-05, 2.90260599884975e-05, 3.24637511058586e-05, 
0.000160675693601121, -0.00054244531360645, 0.00131501293860384, 
0.000707912567011323, 0.000237936446046299, -0.00160834732409492, 
-0.00131501450307779, -0.000707913419726166, -0.000237927959461887, 
0.00160834925251707, 0, 0, 0, 0, 0, 0, 0, 0, 0, 0, 0, 0, 0, 0, 
0, 0, 0, 0, 0, 0, 0, 0, 0, 0, 0, 0, 0, 0, 0, 0, 0, 0, 0, 0, 0, 
0, 0, 0, 0, 0, 0, 0, 0, 0, 0, 0, 0, 0, 0, 0, 0, 0, 0, 0, 0, 0, 
0, 0, 0, 0, 0, 0, 0, 0, 0, 0, 0, 0, 0, 0, 0, 1.13597290187813e-05, 
-5.19694017483304e-07, 1.76459261761271e-06, 1.44026844438051e-06, 
0, 1.76459261761271e-06, -1.34164796554021e-05, 4.7020528849596e-07, 
0, 1.0180595368328e-06, 2.49819463344171e-06, 1.44026844473374e-06, 
1.44026844473147e-06, 0, 1.76459261761271e-06, 1.76459261761234e-06, 
1.01805953683316e-06, 2.03830570149754e-06, 2.27971172280495e-06, 
1.12831920755914e-05, -3.80922997951038e-05, -4.11852292198214e-05, 
3.39725317625753e-06, -1.153469874791e-05, -9.41467293098255e-06, 
0, -1.153469874791e-05, 0.00017967277403701, -0.000116620031993231, 
0, -6.6547994288239e-06, -1.63300707923534e-05, -9.41467293098255e-06, 
-9.41467293098255e-06, 0, -1.153469874791e-05, -1.153469874791e-05, 
-6.6547994288239e-06, -1.33238924247544e-05, -1.49019028717765e-05, 
-7.37553928680227e-05, 0.000248999798412009, -0.000481791214635806, 
-9.06537241775577e-06, 3.07867779699496e-05, 2.51283067683515e-05, 
0, 3.07867779699496e-05, 0.000277323892350166, -0.000121290776283726, 
0, 1.77620447003032e-05, 4.3585903330642e-05, 2.51283067683514e-05, 
2.51283067683515e-05, 0, 3.06991797861598e-05, 3.07867779699496e-05, 
1.77620447003032e-05, 3.55622394481652e-05, 3.97740404384031e-05, 
0.000196857150683906, -0.00066459485692098, 0.00161113168084992, 
0.000867322549403168, 0.000291515720551453, -0.00197052001491828, 
-0.00161113359964009, -0.000867323583380983, -0.000291505325846182, 
0.00197052235960741, -3.48933416155633e-05, 3.9508979187229e-06, 
-1.34164796954868e-05, -1.09505911726847e-05, 0, -1.34164796954868e-05, 
0.000630015411124335, -0.000654591942509392, 0, -7.74046936437131e-06, 
-1.8994173088522e-05, -1.0950591172575e-05, -1.0950591172575e-05, 
0, -1.34164796954868e-05, -1.34164796954863e-05, -7.74046936436774e-06, 
-1.54975641004161e-05, -1.7333012554712e-05, -8.57879128285493e-05, 
0.000289621844238655, 0.00064809954448034, -5.2918059138352e-05, 
0.000179672774269663, 0.00014664972807184, 0, 0.000179672774269663, 
-0.00280413479782936, 0.00181655761493514, 0, 0.00010365994940847, 
0.000254368944495324, 0.00014664972807184, 0.00014664972807184, 
0, 0.000179672774269663, 0.000179672774269663, 0.00010365994940847, 
0.000207542543965866, 0.000232122772081898, 0.0011488671133497, 
-0.00387860014868862, -0.0164343585764389, -8.17244347212316e-05, 
0.000277323892611185, 0.000226353010682339, 0, 0.000277323892611185, 
0.0182988190661728, -0.0101188638222409, 0, 0.000159998534938932, 
0.00039261700077255, 0.000226353010684124, 0.000226353010682339, 
0, 0.000274706879558965, 0.000277323892611185, 0.000159998534938932, 
0.00032034072158536, 0.000358280161682104, 0.00177327380079699, 
-0.00598659700703983, 0.0203630747195649, 0.0353648572968438, 
0.0128325512003397, -0.0181736675978238, -0.0203630989771315, 
-0.0353648994163638, -0.0128314707351127, 0.018173689233008, 
-6.06251515890494e-05, -1.37964422755238e-07, 4.70205148678791e-07, 
3.83783589009919e-07, 0, 4.70205148678791e-07, -0.000654591942163415, 
0.000804809039147147, 0, 2.71278960700439e-07, 6.65685721381734e-07, 
3.83783590498712e-07, 3.83783590498747e-07, 0, 4.70205148678791e-07, 
4.70205148678826e-07, 2.71278960700439e-07, 5.4314062139848e-07, 
6.07467272548457e-07, 3.00659502950817e-06, -1.0150328967159e-05, 
-0.000416397756434734, 3.43474743218446e-05, -0.000116620032191904, 
-9.51857952886634e-05, 0, -0.000116620032191904, 0.0018165576170258, 
-0.00117907126912842, 0, -6.72824620001421e-05, -0.000165103002559927, 
-9.51857952886634e-05, -9.51857952886634e-05, 0, -0.000116620032191904, 
-0.000116620032191904, -6.72824620001421e-05, -0.000134709436343341, 
-0.000150663701172922, -0.000745694055284216, 0.00251747921481798, 
0.000516320717282074, 3.57517610307444e-05, -0.000121290776327932, 
-9.89980782157773e-05, 0, -0.000121290776327932, -0.0101188638203038, 
0.0186965334513932, 0, -6.99771890774022e-05, -0.00017171553612425, 
-9.89980782072651e-05, -9.89980782157773e-05, 0, -0.000117256150277926, 
-0.000121290776327932, -6.99771890774022e-05, -0.000140104678405961, 
-0.000156697926718604, -0.000775562428284984, 0.00261830667090583, 
-0.0104773338623597, -0.0222090854199915, -0.00761238893276592, 
0.0110557899488073, 0.0104773463349128, 0.0222091118735471, 0.0076117118655488, 
-0.011055803118581, 0, 0, 0, 0, 0, 0, 0, 0, 0, 0, 0, 0, 0, 0, 
0, 0, 0, 0, 0, 0, 0, 0, 0, 0, 0, 0, 0, 0, 0, 0, 0, 0, 0, 0, 0, 
0, 0, 0, 0, 0, 0, 0, 0, 0, 0, 0, 0, 0, 0, 0, 0, 0, 0, 0, 0, 0, 
0, 0, 0, 0, 0, 0, 0, 0, 0, 0, 0, 0, 0, 0, 0, 6.55385308837264e-06, 
-2.99830967605765e-07, 1.01805953689775e-06, 8.30944770470157e-07, 
0, 1.01805953689775e-06, -7.74046909081879e-06, 2.71278175845671e-07, 
0, 5.87356665075695e-07, 1.44130201288399e-06, 8.30944768445006e-07, 
8.30944768443484e-07, 0, 1.01805953689775e-06, 1.01805953717443e-06, 
5.87356665074127e-07, 1.17597485155987e-06, 1.31525093831671e-06, 
6.50969586371008e-06, -2.19768733892229e-05, -2.37613026269659e-05, 
1.96000304702393e-06, -6.65479938596261e-06, -5.43167765707217e-06, 
0, -6.65479938596261e-06, 0.00010365994794978, -6.72824717275718e-05, 
0, -3.83940315799294e-06, -9.42142950188672e-06, -5.43167765707217e-06, 
-5.43167765707217e-06, 0, -6.65479938596261e-06, -6.65479938596261e-06, 
-3.83940315799294e-06, -7.68705259554828e-06, -8.59746642623607e-06, 
-4.25522451881068e-05, 0.000143657302458686, -0.000277963383842227, 
-5.23015268254009e-06, 1.77620448487015e-05, 1.44974608810637e-05, 
0, 1.77620448487015e-05, 0.000159998537700973, -6.99771903880931e-05, 
0, 1.02475887950983e-05, 2.51463400721178e-05, 1.44974608671068e-05, 
1.44974608810637e-05, 0, 1.77115062178706e-05, 1.77620448487015e-05, 
1.02475887950983e-05, 2.05171870424331e-05, 2.29471330292805e-05, 
0.000113574261238277, -0.000383429650363765, 0.000929522176398619, 
0.000500390859720165, 0.000168186353034544, -0.00113686681648342, 
-0.00092952328754401, -0.000500391460334542, -0.000168180384953329, 
0.00113686823217481, 1.60823603259334e-05, -7.35748764690043e-07, 
2.49819465193824e-06, 2.03903771428689e-06, 0, 2.49819465193824e-06, 
-1.89941729525677e-05, 6.65685856832371e-07, 0, 1.44130199646774e-06, 
3.53678030951862e-06, 2.03903771428692e-06, 2.03903771428692e-06, 
0, 2.49819465193824e-06, 2.49819465193824e-06, 1.44130199646859e-06, 
2.88569970446378e-06, 3.22746655720633e-06, 1.59740042384462e-05, 
-5.39285826109493e-05, -5.83073485785845e-05, 4.80960882438821e-06, 
-1.63300705558127e-05, -1.33286771803376e-05, 0, -1.63300705558127e-05, 
0.000254368939713329, -0.000165103002315259, 0, -9.4214291274494e-06, 
-2.31190447214817e-05, -1.33286771803376e-05, -1.33286771803376e-05, 
0, -1.63300705558127e-05, -1.63300705558127e-05, -9.4214291274494e-06, 
-1.88630941006031e-05, -2.1097137359082e-05, -0.000104418051868062, 
0.00035251759446065, -0.000682088443821279, -1.2834160338081e-05, 
4.3585903667705e-05, 3.55750107001068e-05, 0, 4.3585903667705e-05, 
0.000392616999924289, -0.000171715536591688, 0, 2.51463392748272e-05, 
6.17060669384245e-05, 3.55750107088849e-05, 3.55750107001068e-05, 
0, 4.34618878645858e-05, 4.3585903667705e-05, 2.51463392748272e-05, 
5.03466888076225e-05, 5.63094812460993e-05, 0.000278697456677206, 
-0.000940889858596961, 0.00228093469822487, 0.00122789845433441, 
0.00041270887758048, -0.00278973314334454, -0.00228093741053487, 
-0.00122789992092385, -0.000412694180289849, 0.00278973653765336, 
9.27186233558388e-06, -4.2417665567434e-07, 1.44026845053397e-06, 
1.17555358407581e-06, 0, 1.44026845053397e-06, -1.09505911213754e-05, 
3.83783586751274e-07, 0, 8.3094479159632e-07, 2.03903770694783e-06, 
1.17555358572064e-06, 1.17555358571042e-06, 0, 1.44026845053397e-06, 
1.44026845054271e-06, 8.3094479159632e-07, 1.66367430632394e-06, 
1.86071102167329e-06, 9.20939221733537e-06, -3.10911068342277e-05, 
-3.3615568383197e-05, 2.77285284313112e-06, -9.41467283093797e-06, 
-7.68429834239767e-06, 0, -9.41467283093797e-06, 0.000146649721611839, 
-9.51857989470366e-05, 0, -5.43167736397557e-06, -1.33286777977954e-05, 
-7.68429834239767e-06, -7.68429834239767e-06, 0, -9.41467283093797e-06, 
-9.41467283093797e-06, -5.43167736397557e-06, -1.08750208045517e-05, 
-1.21630005389694e-05, -6.01994838073327e-05, 0.000203234757619815, 
-0.000393240157815018, -7.39919767105834e-06, 2.51283070419199e-05, 
2.05098376157406e-05, 0, 2.51283070419199e-05, 0.000226353009856741, 
-9.89980787000918e-05, 0, 1.44974608248875e-05, 3.55750109601112e-05, 
2.05098376046711e-05, 2.05098376157406e-05, 0, 2.50568090474725e-05, 
2.51283070419199e-05, 1.44974608248875e-05, 2.90260599064973e-05, 
3.24637512828181e-05, 0.000160675691536788, -0.00054244530994325, 
0.0013150129404617, 0.00070791257453501, 0.000237936435364773, 
-0.00160834727256808, -0.00131501449726602, -0.000707913432365573, 
-0.000237927933401442, 0.00160834928570766, 9.27186210315581e-06, 
-4.24176608969425e-07, 1.44026845429934e-06, 1.17555359971515e-06, 
0, 1.44026845429934e-06, -1.09505912004901e-05, 3.83783477917798e-07, 
0, 8.30944781481284e-07, 2.03903771264214e-06, 1.17555359964667e-06, 
1.1755535996463e-06, 0, 1.44026845429934e-06, 1.44026845429934e-06, 
8.30944781480918e-07, 1.66367430372221e-06, 1.86071098025806e-06, 
9.20939217632733e-06, -3.10911065462981e-05, -3.36155687969013e-05, 
2.77285335330808e-06, -9.41467298749061e-06, -7.68429839361664e-06, 
0, -9.41467298749061e-06, 0.000146649730355689, -9.51857951732762e-05, 
0, -5.43167725399987e-06, -1.3328677443604e-05, -7.68429839361664e-06, 
-7.68429839361664e-06, 0, -9.41467298749061e-06, -9.41467298749061e-06, 
-5.43167725399987e-06, -1.0875020888425e-05, -1.21630001530305e-05, 
-6.01994833788726e-05, 0.00020323475513557, -0.000393240159226545, 
-7.39919776276762e-06, 2.5128306852353e-05, 2.05098372753988e-05, 
0, 2.5128306852353e-05, 0.000226353010472091, -9.89980786211699e-05, 
0, 1.4497460871769e-05, 3.55750106937183e-05, 2.05098372726207e-05, 
2.05098372753988e-05, 0, 2.50568088104098e-05, 2.5128306852353e-05, 
1.4497460871769e-05, 2.9026060105758e-05, 3.2463751185339e-05, 
0.00016067569272808, -0.000542445313808893, 0.00131501293553955, 
0.000707912577334961, 0.000237936451866228, -0.00160834735336315, 
-0.00131501450224052, -0.000707913420748754, -0.000237927968505831, 
0.00160834922060867, 0, 0, 0, 0, 0, 0, 0, 0, 0, 0, 0, 0, 0, 0, 
0, 0, 0, 0, 0, 0, 0, 0, 0, 0, 0, 0, 0, 0, 0, 0, 0, 0, 0, 0, 0, 
0, 0, 0, 0, 0, 0, 0, 0, 0, 0, 0, 0, 0, 0, 0, 0, 0, 0, 0, 0, 0, 
0, 0, 0, 0, 0, 0, 0, 0, 0, 0, 0, 0, 0, 0, 0, 1.13597291459395e-05, 
-5.19693532780943e-07, 1.76459288081217e-06, 1.44026817808993e-06, 
0, 1.76459288081217e-06, -1.34164806353928e-05, 4.70208529856682e-07, 
0, 1.01805954782589e-06, 2.49819492356063e-06, 1.44026817964344e-06, 
1.44026817959415e-06, 0, 1.76459288081217e-06, 1.76459288082046e-06, 
1.01805954782589e-06, 2.03830556081668e-06, 2.27971170059979e-06, 
1.12831911496317e-05, -3.80923022885743e-05, -4.118525286648e-05, 
3.39724601441405e-06, -1.15346984950805e-05, -9.41466864081603e-06, 
0, -1.15346984950805e-05, 0.000179672778037546, -0.000116619995693648, 
0, -6.65479873423798e-06, -1.63300757806015e-05, -9.41466864081603e-06, 
-9.41466864081603e-06, 0, -1.15346984950805e-05, -1.15346984950805e-05, 
-6.65479873423798e-06, -1.33238932194847e-05, -1.49019030824214e-05, 
-7.37553908226323e-05, 0.000248999781945672, -0.000483212548871306, 
-9.0395706535871e-06, 3.06991804126286e-05, 2.50568073637798e-05, 
0, 3.06991804126286e-05, 0.000274706878572229, -0.000117256138711362, 
0, 1.77115051181495e-05, 4.34618840971599e-05, 2.50568074251857e-05, 
2.50568073637798e-05, 0, 7.14907355702379e-05, 3.06991804126286e-05, 
1.77115051181495e-05, 3.54610546770242e-05, 3.96608707178499e-05, 
0.000196297039307492, -0.00066270384241661, 0.0016129401150769, 
0.000869130927586042, 0.000291810946032503, -0.00196871133674317, 
-0.00161294201081473, -0.00086913204321309, -0.00029180033970281, 
0.00196871400901821, 1.13597292033171e-05, -5.19694048662199e-07, 
1.76459262461343e-06, 1.44026845250022e-06, 0, 1.76459262461343e-06, 
-1.34164797323783e-05, 4.70204990979274e-07, 0, 1.01805953918861e-06, 
2.49819462286301e-06, 1.44026845197469e-06, 1.44026845197469e-06, 
0, 1.76459262461343e-06, 1.76459262470292e-06, 1.01805953919142e-06, 
2.03830569895798e-06, 2.27971172040075e-06, 1.12831920780908e-05, 
-3.80922998213635e-05, -4.11852295791278e-05, 3.39725329904128e-06, 
-1.15346986723926e-05, -9.41467279450289e-06, 0, -1.15346986723926e-05, 
0.000179672774056735, -0.000116620031817936, 0, -6.65479944146315e-06, 
-1.63300707625967e-05, -9.41467279450289e-06, -9.41467279450289e-06, 
0, -1.15346986723926e-05, -1.15346986723926e-05, -6.65479944146315e-06, 
-1.33238923722372e-05, -1.49019030604321e-05, -7.37553934204994e-05, 
0.000248999795336422, -0.000481791214918588, -9.06537236549411e-06, 
3.07867779436572e-05, 2.51283068664586e-05, 0, 3.07867779436572e-05, 
0.000277323893489099, -0.000121290776572012, 0, 1.77620447194745e-05, 
4.35859036958219e-05, 2.51283068622273e-05, 2.51283068664586e-05, 
0, 3.06991797549063e-05, 3.07867779436572e-05, 1.77620447194745e-05, 
3.55622394295826e-05, 3.97740407230146e-05, 0.00019685715023091, 
-0.000664594856369074, 0.00161113167780165, 0.000867322554707189, 
0.000291515725655601, -0.0019705200300544, -0.00161113359657063, 
-0.000867323581874983, -0.000291505329294623, 0.00197052236558671, 
6.55385291909754e-06, -2.99830905938527e-07, 1.018059547431e-06, 
8.30944761999266e-07, 0, 1.018059547431e-06, -7.74046948278759e-06, 
2.71278879066805e-07, 0, 5.87356647914428e-07, 1.44130201530505e-06, 
8.30944763613592e-07, 8.30944763614804e-07, 0, 1.018059547431e-06, 
1.01805954743073e-06, 5.87356647913255e-07, 1.17597486013287e-06, 
1.31525103813997e-06, 6.50969584091801e-06, -2.19768734428505e-05, 
-2.37612959063813e-05, 1.96000358582139e-06, -6.65479969113601e-06, 
-5.43167738431554e-06, 0, -6.65479969113601e-06, 0.000103659948609695, 
-6.72824639547338e-05, 0, -3.8394028024422e-06, -9.42142925344879e-06, 
-5.43167738431554e-06, -5.43167738431554e-06, 0, -6.65479969113601e-06, 
-6.65479969113601e-06, -3.8394028024422e-06, -7.68705180180173e-06, 
-8.59746576612703e-06, -4.25522487324032e-05, 0.000143657314445653, 
-0.000277963390179359, -5.23015258951422e-06, 1.77620445545642e-05, 
1.44974608527177e-05, 0, 1.77620445545642e-05, 0.000159998537234457, 
-6.99771901462988e-05, 0, 1.024758841289e-05, 2.51463394040361e-05, 
1.44974608527174e-05, 1.44974608527177e-05, 0, 1.7711505883484e-05, 
1.77620445545642e-05, 1.024758841289e-05, 2.05171873166013e-05, 
2.29471332047467e-05, 0.000113574259472576, -0.000383429648735239, 
0.000929522175845298, 0.000500390854544064, 0.000168186308577151, 
-0.00113686679999823, -0.000929523278957205, -0.000500391442493285, 
-0.000168180350409943, 0.00113686813715956, 1.31217825260151e-05, 
-6.00305887473254e-07, 2.0383057090916e-06, 1.66367429664058e-06, 
0, 2.0383057090916e-06, -1.54975640697461e-05, 5.43140623633648e-07, 
0, 1.17597486139685e-06, 2.88569970304971e-06, 1.66367429663909e-06, 
1.66367429664058e-06, 0, 2.0383057090916e-06, 2.03830570909015e-06, 
1.17597486139661e-06, 2.35447552586609e-06, 2.63332699925132e-06, 
1.30333735358356e-05, -4.40009502385914e-05, -4.75736363537648e-05, 
3.92421494011741e-06, -1.33238924307491e-05, -1.08750210121705e-05, 
0, -1.33238924307491e-05, 0.000207542546130151, -0.00013470943571321, 
0, -7.68705227326985e-06, -1.88630939545185e-05, -1.08750210121705e-05, 
-1.08750210121705e-05, 0, -1.33238924307491e-05, -1.33238924307491e-05, 
-7.68705227326985e-06, -1.53906152563094e-05, -1.72133972462462e-05, 
-8.51958891240265e-05, 0.000287623160670027, -0.000556523795721875, 
-1.04715388769542e-05, 3.55622393976552e-05, 2.90260600347797e-05, 
0, 3.55622393976552e-05, 0.000320340720952326, -0.000140104678600786, 
0, 2.05171871139754e-05, 5.03466890821494e-05, 2.90260600321696e-05, 
2.90260600347797e-05, 0, 3.54610535036971e-05, 3.55622393976552e-05, 
2.05171871139754e-05, 4.10784420370102e-05, 4.59435527923206e-05, 
0.000227392457557039, -0.00076768284995573, 0.00186104082027926, 
0.00100185645575393, 0.000336733914390155, -0.00227617535497642, 
-0.00186104303789567, -0.00100185764761625, -0.000336721902454477, 
0.00227617804850833, 1.46758561791389e-05, -6.71402891873627e-07, 
2.27971171361627e-06, 1.86071097291797e-06, 0, 2.27971171361627e-06, 
-1.7333012566828e-05, 6.07467266798924e-07, 0, 1.31525102459832e-06, 
3.22746651282443e-06, 1.86071097291791e-06, 1.86071097291917e-06, 
0, 2.27971171361627e-06, 2.27971171361523e-06, 1.31525102459685e-06, 
2.63332700458253e-06, 2.94520416002444e-06, 1.45769765293264e-05, 
-4.92121871894072e-05, -5.32080016715196e-05, 4.38897797089229e-06, 
-1.4901902903055e-05, -1.21630003578881e-05, 0, -1.4901902903055e-05, 
0.000232122770915839, -0.000150663700734853, 0, -8.59746561369918e-06, 
-2.10971378338496e-05, -1.21630003578881e-05, -1.21630003578881e-05, 
0, -1.4901902903055e-05, -1.4901902903055e-05, -8.59746561369918e-06, 
-1.72133972223178e-05, -1.92520599811075e-05, -9.52860342534388e-05, 
0.000321687706000918, -0.000622435494341949, -1.17117319004215e-05, 
3.97740406435954e-05, 3.24637511666426e-05, 0, 3.97740406435954e-05, 
0.00035828016216695, -0.000156697926829985, 0, 2.29471329521324e-05, 
5.63094813849532e-05, 3.24637511650539e-05, 3.24637511666426e-05, 
0, 3.966087083308e-05, 3.97740406435954e-05, 2.29471329521324e-05, 
4.59435526801967e-05, 5.13848611723745e-05, 0.000254323602910781, 
-0.000858603094366028, 0.0020814525313746, 0.00112051096888734, 
0.000376614868349849, -0.00254575335706517, -0.00208145501200005, 
-0.0011205123053099, -0.000376601453352088, 0.00254575638465225, 
7.2636598374324e-05, -3.32303770913703e-06, 1.12831920854337e-05, 
9.20939221579707e-06, 0, 1.12831920854337e-05, -8.57879129089248e-05, 
3.00659492467471e-06, 0, 6.5096958847733e-06, 1.59740042486433e-05, 
9.20939221584238e-06, 9.20939221584239e-06, 0, 1.12831920854337e-05, 
1.12831920854322e-05, 6.50969588477306e-06, 1.30333735900136e-05, 
1.45769765604908e-05, 7.21472040610871e-05, -0.000243570516826739, 
-0.000263347381339887, 2.17227810276138e-05, -7.3755392331951e-05, 
-6.01994836932167e-05, 0, -7.3755392331951e-05, 0.00114886711312996, 
-0.000745694054395313, 0, -4.25522468284849e-05, -0.000104418053358926, 
-6.01994836932167e-05, -6.01994836932167e-05, 0, -7.3755392331951e-05, 
-7.3755392331951e-05, -4.25522468284849e-05, -8.5195889242576e-05, 
-9.52860342235685e-05, -0.000471608150276758, 0.00159215928601431, 
-0.00308067707317256, -5.79622295506099e-05, 0.000196857149869138, 
0.000160675692739988, 0, 0.000196857149869138, 0.00177327380049067, 
-0.000775562429987021, 0, 0.000113574258898207, 0.000278697457727294, 
0.000160675692740349, 0.000160675692739988, 0, 0.000196297027865611, 
0.000196857149869138, 0.000113574258898207, 0.000227392457493666, 
0.000254323602755674, 0.00125876658983615, -0.00424955964694442, 
0.0103019345395879, 0.00554585588954956, 0.00186401633918356, 
-0.012599931727569, -0.0103019468103529, -0.00554586249390115, 
-0.0018639499224798, 0.012599946749769, -0.000245222722924097, 
1.12186469845437e-05, -3.80922998124675e-05, -3.10911067330438e-05, 
0, -3.80922998124675e-05, 0.000289621844126123, -1.01503296053527e-05, 
0, -2.19768737096234e-05, -5.39285828324788e-05, -3.1091106733136e-05, 
-3.10911067331335e-05, 0, -3.80922998124675e-05, -3.80922998124706e-05, 
-2.19768737096236e-05, -4.40009503159671e-05, -4.92121872407663e-05, 
-0.000243570516891523, 0.000822299318313634, 0.00088906643786036, 
-7.33365777212921e-05, 0.000248999795428685, 0.000203234755192409, 
0, 0.000248999795428685, -0.00387860015184196, 0.00251747920983776, 
0, 0.000143657303007038, 0.000352517599790047, 0.000203234755192409, 
0.000203234755192409, 0, 0.000248999795428685, 0.000248999795428685, 
0.000143657303007038, 0.00028762315967824, 0.000321687706498705, 
0.0015921592880204, -0.00537516409283048, 0.0104004375937328, 
0.000195694393686918, -0.000664594855714802, -0.000542445315701914, 
0, -0.000664594855714802, -0.00598659699990822, 0.00261830667241036, 
0, -0.000383429650616227, -0.000940889862291847, -0.000542445315702657, 
-0.000542445315701914, 0, -0.000662703871738444, -0.000664594855714802, 
-0.000383429650616227, -0.000767682848096947, -0.00085860309447954, 
-0.00424955964800482, 0.0143466238460724, -0.0347795351774836, 
-0.0187229110882237, -0.00629295643737181, 0.0425376592679191, 
0.0347795766031803, 0.01872293338504, 0.0062927322106371, -0.0425377099491072, 
-0.000727847019346821, 5.95769067706143e-05, 2.32513334742649e-09, 
-7.49466924790106e-09, 0, 2.32513334742649e-09, -0.0015362089172431, 
0.00218100867501765, 0, 1.34184151367416e-09, 3.29355024504902e-09, 
1.89799001291297e-09, 3.13057644836805e-09, 0, 2.32513334742649e-09, 
2.32513325622862e-09, 1.35284951941286e-09, 2.68568815932529e-09, 
3.00422731915776e-09, -6.24293572577505e-06, -5.01953642757327e-08, 
0.0378599650072487, 0.067847203655026, 0.00028588619604312, 0.000233341611363727, 
0, 0.00028588619604312, -0.00396941741330052, 0.00227431114851551, 
0, 0.000164938452094051, 0.000404738947058003, 0.000233341611363727, 
0.000233341611363727, 0, 0.00028588619604312, 0.00028588619604312, 
0.000164938452094051, 0.00033023116014689, 0.000369341968578896, 
0.000959066297335381, -0.0061714317820309, -0.0282148931693315, 
-0.000474357137273246, 0.00161113167955994, 0.0013150129355982, 
0, 0.00161113167955994, 0.0203630747064413, -0.0104773338619601, 
0, 0.000929522177571579, 0.00228093470416787, 0.00131501293561677, 
0.0013150129355982, 0, 0.00161294008757175, 0.00161113167955994, 
0.000929522177571579, 0.00186104082076843, 0.00208145253422159, 
0.0103019345516769, -0.0347795352624387, 0.926941311993209, 0.128257056206327, 
-0.477719617073463, -0.0782795976938513, 0, 0, 0, 0, 0.00186089899436365, 
-0.000540352409015939, 9.77976552344084e-05, 7.98207390155538e-05, 
0, 9.77976552344084e-05, 0.00471540617631954, -0.00601762315285649, 
0, 5.64231283718075e-05, 0.00013845567044437, 7.98228868722091e-05, 
7.98266000544685e-05, 0, 9.77976552344084e-05, 9.77976552343696e-05, 
5.64231301875846e-05, 0.000112967444427822, 0.000126346703562929, 
0.000626085094992339, -0.00211116013880745, -0.0119671366127701, 
-0.00629873351188041, 0.000303241537634842, 0.000247507107832804, 
0, 0.000303241537634842, -0.00464085961160909, 0.00295340746394884, 
0, 0.000174951392740389, 0.000429309505051776, 0.000247507107832804, 
0.000247507107832804, 0, 0.000303241537634842, 0.000303241537634842, 
0.000174951392740389, 0.00035027855760614, 0.000391763674280672, 
0.00178035707032536, -0.00654608177442152, -0.0252512514150317, 
-0.000255674300423654, 0.000867322552221337, 0.000707912573580502, 
0, 0.000867322552221337, 0.0353648572924084, -0.0222090854214868, 
0, 0.000500390846488058, 0.00122789845418248, 0.00070791257353212, 
0.000707912573580502, 0, 0.000869130960258229, 0.000867322552221337, 
0.000500390846488058, 0.00100185645469865, 0.0011205109693852, 
0.00554585589193063, -0.0187229110801039, 0.128257056347264, 
0.536414260638809, 0.195279477061563, -0.133687365669105, 0, 
0, 0, 0, 0.00146022614800464, 0.000733670725612948, 0.000184542306084238, 
0.000150622113913882, 0, 0.000184542306084238, 0.00300881511603938, 
-0.00470347821734796, 0, 0.000106469364571402, 0.000261263065381516, 
0.000150624261770085, 0.000150620548589803, 0, 0.000184542306084238, 
0.000184542306084238, 0.000106469366387363, 0.000213167408749344, 
0.000238413815373712, 0.00117925852077381, -0.00398371884146667, 
-0.037689137279231, -0.0689395484835749, -0.000712475820299021, 
-0.000581525976025681, 0, -0.000712475820299021, 0.0106100503952671, 
-0.00658728853478913, 0, -0.000411053971361124, -0.00100867659596372, 
-0.000581525976025681, -0.000581525976025681, 0, -0.000712475820299021, 
-0.000712475820299021, -0.000411053971361124, -0.000822990820640789, 
-0.000920461447466506, -0.00368677383701833, 0.0153802313201235, 
-0.00244531201835602, -8.56824591805617e-05, 0.000291515726965313, 
0.000237936449650222, 0, 0.000291515726965313, 0.012832551214987, 
-0.00761238894613639, 0, 0.000168186335202994, 0.000412708869128117, 
0.000237936449650223, 0.000237936449650222, 0, 0.000291810841578959, 
0.000291515726965313, 0.000168186335202994, 0.000336733907737487, 
0.000376614868857708, 0.00186401633497871, -0.00629295644393071, 
-0.47771961675309, 0.195279476898795, 0.810762292115385, -0.361705560131727, 
0, 0, 0, 0, -0.0019484228336688, -0.000645028282783436, -0.000265502024301367, 
-0.000216701800758142, 0, -0.000265502024301367, -0.00210138845220461, 
0.00432207054310497, 0, -0.00015317805633884, -0.000375880218111626, 
-0.000216703948638727, -0.000216700235454029, 0, -0.000265502024301367, 
-0.000265502024301444, -0.000153178054522997, -0.000306685115644617, 
-0.000343007259258074, -0.00169693271050791, 0.00573139806137712, 
0.0229858697633409, 0.00440373243715059, 0.00340106425807129, 
0.00277596397919241, 0, 0.00340106425807129, -0.0525019747240581, 
0.0337699033305686, 0, 0.00196220129168715, 0.00481500400041864, 
0.00277596397919241, 0.00277596397919241, 0, 0.00340106425807129, 
0.00340106425807129, 0.00196220129168715, 0.00392861708662537, 
0.00439390146276796, 0.0208781978144681, -0.0734188495168269, 
0.0236890127056424, 0.000580196380715292, -0.00197052002368965, 
-0.00160834732202499, 0, -0.00197052002368965, -0.018173667593193, 
0.0110557899185499, 0, -0.00113686676609794, -0.00278973317574425, 
-0.00160834732200159, -0.00160834732202499, 0, -0.00196871161557176, 
-0.00197052002368965, -0.00113686676609794, -0.00227617534426831, 
-0.00254575336922898, -0.0125999317775294, 0.0425376592817413, 
-0.0782795978970254, -0.133687365193318, -0.36170555988028, 0.99999999964726, 
0, 0, 0, 0, 0.000727948569618077, -5.96601193601441e-05, -2.50672656256218e-09, 
7.34659104286292e-09, 0, -2.50672656256218e-09, 0.00153658239297696, 
-0.00218141932821411, 0, -1.44645136879262e-09, -3.55030578625192e-09, 
-2.04597039626397e-09, -3.27808759361672e-09, 0, -2.50672656256218e-09, 
-2.50672649736177e-09, -1.45745982682634e-09, -2.89626593841682e-09, 
-3.23862642718397e-09, 6.24189922688793e-06, 5.41208182588953e-08, 
-0.0378619123210892, -0.0678506934272401, -0.000285900901117151, 
-0.000233353608603755, 0, -0.000285900901117151, 0.00396962157362849, 
-0.00227442816466645, 0, -0.000164946933724363, -0.000404759770288409, 
-0.000233353608603755, -0.000233353608603755, 0, -0.000285900901117151, 
-0.000285900901117151, -0.000164946933724363, -0.000330248149571513, 
-0.000369360972418324, -0.00095911560342099, 0.00617174910222165, 
0.0282149267841951, 0.00047435770210885, -0.00161113359999363, 
-0.00131501450120908, 0, -0.00161113359999363, -0.0203630989764878, 
0.0104773463280818, 0, -0.000929523282724281, -0.00228093740665492, 
-0.00131501450120908, -0.00131501450120908, 0, -0.00161294201024893, 
-0.00161113359999363, -0.000929523282724281, -0.00186104304100251, 
-0.00208145501229443, -0.0103019468106171, 0.0347795766184108, 
0, 0, 0, 0, 0.926941312059933, 0.128257056275146, -0.47771961696532, 
-0.0782795967066037, -0.00186088231591355, 0.00054034756722896, 
-9.77967788014986e-05, -7.98200235896501e-05, 0, -9.77967788014986e-05, 
-0.0047153639166562, 0.00601756922167035, 0, -5.64226226702181e-05, 
-0.000138454430069551, -7.98221714247574e-05, -7.98258845715215e-05, 
0, -9.77967788014986e-05, -9.77967788015308e-05, -5.64226244859066e-05, 
-0.000112966432300938, -0.00012634557099781, -0.000626079485143924, 
0.00211114121670036, 0.0119677099141492, 0.00629888546554155, 
-0.000303337265897047, -0.000247585243839485, 0, -0.000303337265897047, 
0.00464233211871666, -0.00295434960685962, 0, -0.000175006624487299, 
-0.000429445030168595, -0.000247585243839485, -0.000247585243839485, 
0, -0.000303337265897047, -0.000303337265897047, -0.000175006624487299, 
-0.000350389140597285, -0.000391887348836188, -0.00178093295780011, 
0.00654814831380707, 0.0252512814844539, 0.000255674604896374, 
-0.000867323585235776, -0.00070791341667269, 0, -0.000867323585235776, 
-0.0353648994227135, 0.022209111875786, 0, -0.000500391443201001, 
-0.00122789991902787, -0.000707913416672686, -0.00070791341667269, 
0, -0.000869131995408618, -0.000867323585235776, -0.000500391443201001, 
-0.00100185764921504, -0.00112051230284525, -0.00554586249407417, 
0.0187229333781706, 0, 0, 0, 0, 0.128257056284532, 0.536414260731837, 
0.195279476889007, -0.133687365415017, -0.00146021306257483, 
-0.000733664150660829, -0.000184540652452083, -0.000150620764048324, 
0, -0.000184540652452083, -0.00300878815129638, 0.0047034360667218, 
0, -0.000106468410411452, -0.000261260724240231, -0.000150622911883551, 
-0.000150619198735773, 0, -0.000184540652452083, -0.000184540652452055, 
-0.000106468412227415, -0.000213165498174488, -0.000238411678597499, 
-0.00117924795305926, 0.00398368313955169, 0.0376910758189436, 
0.0689430944333751, 0.000712512463273234, 0.000581555884773988, 
0, 0.000712512463273234, -0.0106105961585041, 0.00658762736141797, 
0, 0.000411075113910214, 0.00100872847746556, 0.000581555884773988, 
0.000581555884773988, 0, 0.000712512463273234, 0.000712512463273234, 
0.000411075113910214, 0.000823033154259857, 0.000920508789651093, 
0.0036869634693068, -0.0153810223518157, 0.00244461965525601, 
8.567938960117e-05, -0.000291505338958935, -0.000237927971903817, 
0, -0.000291505338958935, -0.0128314707458934, 0.00761171187901518, 
0, -0.000168180343155693, -0.000412694165144403, -0.000237927971903817, 
-0.000237927971903817, 0, -0.00029180035477251, -0.000291505338958935, 
-0.000168180343155693, -0.000336721909887578, -0.000376601449690939, 
-0.00186394992342145, 0.00629273220397197, 0, 0, 0, 0, -0.477719616763816, 
0.195279476845031, 0.810762292014589, -0.361705560045196, 0.00194840537311621, 
0.000645022502666141, 0.000265499645260909, 0.000216699858775729, 
0, 0.000265499645260909, 0.00210136961591341, -0.00432203180268529, 
0, 0.000153176683861699, 0.000375876849116234, 0.000216702006627712, 
0.0002166982934851, 0, 0.000265499645260909, 0.000265499645260801, 
0.000153176682045894, 0.000306682367539339, 0.000343004184686703, 
0.00169691750236236, -0.00573134670451514, -0.0229870520411101, 
-0.00440395894653035, -0.00340123919479859, -0.00277610676590359, 
0, -0.00340123919479859, 0.0525046751376998, -0.0337716403331149, 
0, -0.00196230221785196, -0.00481525166331882, -0.00277610676590359, 
-0.00277610676590359, 0, -0.00340123919479859, -0.00340123919479859, 
-0.00196230221785196, -0.00392881915325627, -0.0043941274541901, 
-0.0208792717437087, 0.0734226258572951, -0.0236890409203365, 
-0.000580197072534348, 0.00197052236874368, 0.00160834923646061, 
0, 0.00197052236874368, 0.0181736892712608, -0.0110558030730353, 
0, 0.00113686812117285, 0.00278973648756249, 0.00160834923646132, 
0.00160834923646061, 0, 0.0019687139586235, 0.00197052236874368, 
0.00113686812117285, 0.00227617805420589, 0.0025457563979846, 
0.0125999467751503, -0.0425377099796148, 0, 0, 0, 0, -0.0782795979282332, 
-0.133687365408823, -0.361705560049771, 0.999999999659577), .Dim = c(71L, 
71L))
